1	25.1
2	25.1
3	25.2
4	25.2
5	25.2
6	25.2
7	25.2
8	25.2
9	25.2
10	25.2
11	25.2
12	25.3
13	25.2
14	25.3
15	25.3
16	25.3
17	25.3
18	25.3
19	25.4
20	25.4
21	25.4
22	25.4
23	25.4
24	25.4
25	25.5
26	25.5
27	25.5
28	25.6
29	25.7
30	25.7
31	25.8
32	25.9
33	26
34	26.1
35	26.2
36	26.2
37	26.3
38	26.3
39	26.4
40	26.4
41	26.4
42	26.5
43	26.6
44	26.7
45	26.7
46	26.8
47	26.9
48	27.1
49	27.1
50	27.3
51	27.4
52	27.5
53	27.6
54	27.7
55	27.8
56	27.9
57	28
58	28.1
59	28.2
60	28.3
61	28.4
62	28.6
64	28.6
65	28.7
66	28.9
67	29
68	29.1
69	29.2
70	29.3
71	29.5
72	29.6
73	29.7
74	29.9
75	30
76	30.2
77	30.4
78	30.5
79	30.7
80	30.8
81	31
82	31.2
83	31.4
84	31.6
85	31.8
86	32
87	32.2
88	32.4
89	32.7
90	33
91	33.2
92	33.4
93	33.6
94	33.8
95	34
96	34.2
97	34.3
98	34.5
99	34.7
100	34.9
101	35.1
102	35.2
103	35.4
104	35.5
105	35.8
106	36
107	36.2
108	36.5
109	36.7
110	37.1
111	37.3
112	37.5
113	37.7
114	37.9
115	38.1
116	38.2
117	38.4
118	38.6
119	38.8
120	39
121	39.2
122	39.4
123	39.7
124	39.9
125	40.2
126	40.5
127	40.8
129	41.1
130	41.2
131	41.4
132	41.7
133	41.9
134	42.2
135	42.3
136	42.5
137	42.8
138	43.1
139	43.3
140	43.5
141	43.7
142	43.9
143	44
144	44.2
145	44.6
146	44.8
147	45.2
148	45.5
149	45.8
150	46.1
151	46.4
152	46.6
153	46.8
154	47
155	47.3
156	47.5
157	47.7
158	48
159	48.3
160	48.6
161	48.8
162	48.9
163	49.2
164	49.4
165	49.7
166	50.1
167	50.4
168	50.8
169	51
170	51.3
171	51.6
172	51.8
173	52.1
174	52.3
175	52.4
176	52.6
177	52.8
178	53
179	53.4
180	53.7
181	54.2
182	54.6
183	54.9
184	55.2
185	55.3
186	55.6
187	55.9
188	56.1
189	56.4
190	56.6
191	56.8
192	57.2
194	57.4
195	57.7
196	57.9
197	58.1
198	58.3
199	58.6
200	58.8
201	59
202	59.3
203	59.6
204	59.9
205	60.3
206	60.7
207	61.1
208	61.6
209	61.9
210	62.1
211	62.6
212	62.8
213	63
214	63.3
215	63.6
216	63.9
217	64.1
218	64.5
219	64.9
220	65.1
221	65.5
222	65.8
223	66.2
224	66.6
225	67
226	67.4
227	67.6
228	67.8
229	68.1
230	68.3
231	68.7
232	69
233	69.3
234	69.6
235	70.1
236	70.4
237	70.9
238	71.3
239	71.7
240	72.1
241	72.4
242	72.9
243	73.2
244	73.6
245	73.9
246	74.2
247	74.6
248	74.9
249	75.3
250	75.7
251	76
252	76.4
253	76.7
254	76.9
255	77.3
256	77.6
257	77.9
259	78.2
260	78.5
261	78.9
262	79.1
263	79.3
264	79.6
265	79.9
266	80.2
267	80.4
268	80.7
269	80.9
270	81.2
271	81.6
272	82
273	82.6
274	83.2
275	83.7
276	84.2
277	84.7
278	85.1
279	85.4
280	85.8
281	86
282	86.3
283	86.5
284	86.8
285	87.2
286	87.5
287	87.8
288	88.2
289	88.5
290	89
291	89.5
292	89.9
293	90.3
294	90.7
295	91.1
296	91.6
297	91.7
298	91.8
299	91.9
300	92.3
301	92.5
302	92.8
303	93.2
304	93.5
305	93.9
306	94.2
307	94.6
308	95.2
309	95.5
310	96
311	96.3
312	96.7
313	97.2
314	97.6
315	98
316	98.4
317	98.6
318	99
319	99.3
320	99.5
321	99.9
322	100.1
324	100.3
325	100.6
326	100.9
327	101.2
328	101.5
329	102.1
330	102.4
331	102.8
332	103.2
333	103.3
334	103.6
335	103.8
336	104.1
337	104.4
338	104.6
339	104.9
340	105.1
341	105.3
342	105.8
343	106.1
344	106.5
345	106.9
346	107.1
347	107.2
348	107.5
349	107.8
350	107.9
351	108.2
352	108.5
353	109.1
354	109.4
355	109.8
356	110.1
357	110.3
358	110.6
359	110.8
360	111.2
361	111.7
362	112
363	112.4
364	112.7
365	113
366	113.3
367	113.6
368	114
369	114.3
370	114.5
371	115
372	115.5
373	115.7
374	116
375	116.3
376	116.6
377	116.7
378	116.8
379	117
380	117.1
381	117.4
382	117.6
383	117.9
384	118.1
385	118.2
386	118.4
387	119.1
389	119.5
390	119.8
391	120
392	120.2
393	120.7
394	121.2
395	121.8
396	122
397	122.2
398	122.4
399	122.6
400	122.9
401	123.2
402	123.5
403	123.8
404	124.1
405	124.3
406	124.7
407	124.9
408	125.3
409	125.6
410	126
411	126.3
412	126.6
413	126.8
414	127.3
415	127.8
416	128.2
417	128.6
418	129
419	129.4
420	129.8
421	130.2
422	130.5
423	130.8
424	131.1
425	131.4
426	131.8
427	132
428	132.1
429	132.5
430	132.9
431	133.3
432	133.8
433	134.2
434	134.7
435	135
436	135.2
437	135.6
438	136
439	136.4
440	136.7
441	137
442	137.3
443	137.5
444	137.9
445	138.8
446	139.4
447	140.2
448	140.6
449	140.9
450	141
451	141.2
452	141.5
454	141.9
455	142.3
456	142.6
457	143
458	143.3
459	143.4
460	143.6
461	144.5
462	145
463	145.5
464	145.9
465	146.3
466	147
467	147.4
468	147.7
469	148.2
470	148.4
471	148.6
472	149.1
473	149.4
474	149.8
475	150.2
476	150.6
477	151
478	151.3
479	152.3
480	153.3
481	153.5
482	152.6
483	152
484	150.6
485	149.6
486	148.3
487	146.9
488	145.9
489	144.7
490	143.9
491	143.7
492	143.7
493	143.7
494	143.8
495	144.6
496	145.5
497	146.4
498	147.1
499	147.5
500	148.4
501	149
502	149.6
503	150.1
504	150.5
505	151.1
506	151.6
507	152
508	152.7
509	153
510	153.4
511	154.2
512	154.5
513	154.9
514	155.3
515	155.7
516	156.4
517	156.8
519	157.1
520	157.3
521	157.3
522	157.5
523	157.8
524	158.2
525	158.5
526	158.8
527	159.1
528	159.4
529	159.6
530	160.1
531	160.6
532	161.2
533	161.5
534	161.3
535	161.1
536	161.2
537	161.4
538	161.8
539	161.9
540	161.6
541	161.6
542	161.7
543	162.3
544	161.8
545	160.9
546	160.5
547	160.2
548	160.4
549	160.6
550	160.8
551	161.5
552	161.6
553	162.2
554	162.5
555	162.4
556	162.3
557	162.4
558	162.7
559	163.1
560	163.8
561	165
562	165.7
563	166
564	166.3
565	166.7
566	166.7
567	166.8
568	166.9
569	167.3
570	167.6
571	167.8
572	168.1
573	168.4
574	169
575	169.5
576	170
577	170
578	169.9
579	170.5
580	171
581	171.3
582	171.4
584	171.5
585	171.6
586	171.5
587	171.8
588	172.4
589	172.4
590	172.5
591	172.8
592	173.4
593	173.6
594	173.8
595	174.1
596	174.5
597	174.8
598	174.9
599	174.9
600	175
601	174.9
602	175.1
603	175.3
604	175.5
605	175.5
606	175.8
607	175.8
608	175.9
609	176
610	176.2
611	176.6
612	176.7
613	176.8
614	177
615	177.1
616	177.3
617	177.5
618	177.8
619	178.2
620	178.6
621	178.7
622	179.3
623	179.8
624	180.3
625	180.3
626	181
627	181.2
628	181.1
629	181.1
630	181
631	180.8
632	181.4
633	181.9
634	182.3
635	182.5
636	182.6
637	182.5
638	182.3
639	182.2
640	182.7
641	183.1
642	183.5
643	183.5
644	183.6
645	184.3
646	184.5
647	184.4
649	184.4
650	183.9
651	183.2
652	183
653	182.9
654	183
655	183.5
656	183.9
657	183.9
658	183.5
659	183.4
660	183.6
661	183.9
662	184.3
663	184.7
664	185.2
665	185.4
666	185.4
667	185.9
668	186.2
669	186.3
670	186.4
671	186.9
672	187
673	187
674	187.5
675	187.9
676	188.3
677	189
678	189.5
679	190.1
680	190.8
681	191
682	191.2
683	191.4
684	191.5
685	191.9
686	192.2
687	192.4
688	192.8
689	193.3
690	193.2
691	193.6
692	194.2
693	194.7
694	195
695	195.2
696	195.3
697	195.4
698	195.9
699	196.3
700	196.8
701	197.2
702	197.4
703	197.7
704	198.1
705	198.2
706	198.2
707	198.4
708	198.6
709	198.5
710	198.3
711	198.4
712	199.4
714	199.8
715	200
716	200.7
717	201.5
718	202
719	202.5
720	203.1
721	203.5
722	203.8
723	204
724	204
725	204
726	204.1
727	204.1
728	204.1
729	204.3
730	204.5
731	204.7
732	205.2
733	205.8
734	206.3
735	206.5
736	207.6
737	208.1
738	208.3
739	208.5
740	209.8
741	210.6
742	211.5
743	212.1
744	212.3
745	211.5
746	211.7
747	212
748	212.6
749	212.9
750	213.3
751	213.6
752	213.8
753	214.4
754	215.1
755	215.7
756	216.3
757	216.6
758	217.1
759	217.6
760	218.2
761	218.7
762	218.9
763	219.3
764	219.9
765	220.5
766	221.2
767	222.6
768	223.9
769	226.3
770	229
771	235.6
772	241.8
773	247.2
774	255.3
775	262.3
776	270.6
777	283.5
779	293.8
780	306.7
781	315.2
782	322.1
783	330
784	334.4
785	339.5
786	342.3
787	344.7
788	347.2
789	348.5
790	349.6
791	350.1
792	350.8
793	350.8
794	350.2
795	349.7
796	349.3
797	349.1
798	348.6
799	348.4
800	348.4
801	348.7
802	348.3
803	347.4
804	346.2
805	346.2
806	345.1
807	343.7
808	343.1
809	342.8
810	341.5
811	340.7
812	340.8
813	340.7
814	340.2
815	339.8
816	339.1
817	338.1
818	338
819	338.1
820	337.9
821	337.8
822	337.1
823	336.3
824	335.3
825	334.7
826	334.4
827	334
828	333.6
829	332.6
830	331
831	329.3
832	327
833	326.1
834	325.5
835	324.4
836	323.5
837	323.2
838	322.9
839	321.6
840	320.8
841	319.8
842	318.8
844	318.3
845	317.8
846	317.1
847	316.5
848	316
849	314.9
850	314.7
851	314.4
852	313.7
853	312.4
854	310.8
855	309.6
856	309.4
857	308.6
858	307.8
859	307.6
860	306.8
861	305.9
862	305.7
863	306.2
864	305.9
865	305.8
866	305.2
867	304
868	302.9
869	301.7
870	301
871	300.4
872	299.4
873	298.6
874	297.8
875	297.4
876	297
877	296.6
878	295.8
879	295.3
880	294.3
881	293.7
882	293.6
883	293.2
884	293.1
885	292.8
886	292.3
887	292.5
888	292
889	291.6
890	291.1
891	290.8
892	290.6
893	290.2
894	289.3
895	287.7
896	287.3
897	287.3
898	286.2
899	285.4
900	285.8
901	285.2
902	284.5
903	283.4
904	282.5
905	282.3
906	282.2
907	281.9
909	281.6
910	281.2
911	281
912	279.4
913	278.7
914	277.9
915	277.3
916	276.9
917	276.9
918	277
919	277.4
920	276.2
921	275.2
922	274.8
923	274.8
924	273.7
925	273.2
926	271.7
927	270.4
928	270
929	269.5
930	269.1
931	268.1
932	267.4
933	267.6
934	267.7
935	268.3
936	268.4
937	269
938	269
939	268.9
940	269.2
941	268.9
942	267.6
943	266.6
944	266.2
945	266.2
946	265.3
947	265.2
948	263.2
949	262.2
950	261.3
951	259.6
952	259.1
953	258.1
954	258.3
955	259
956	259.2
957	257.8
958	256.5
959	256.3
960	257
961	256.9
962	256.6
963	256.3
964	255.6
965	254.9
966	253.7
967	253
968	252.3
969	251.7
970	251.2
971	250.7
972	250.5
974	250.1
975	249.5
976	248.8
977	248.6
978	248.4
979	248.2
980	248
981	247.8
982	247.4
983	247.5
984	247.4
985	247
986	246.6
987	246.1
988	245.3
989	244.5
990	243.9
991	243.1
992	242.6
993	242.1
994	241.8
995	241.4
996	240.6
997	240.1
998	239.5
999	239
1000	238.8
1001	238.5
1002	238.2
1003	237.9
1004	237.5
1005	237.3
1006	237.4
1007	237.3
1008	237.2
1009	237.1
1010	236.7
1011	236.1
1012	235.7
1013	235.3
1014	234.5
1016	233.7
1017	233
1018	232.5
1019	232.2
1020	232
1021	231.9
1022	231.9
1023	231.9
1024	231.7
1025	231.3
1026	230.4
1027	229.9
1028	229.6
1029	229.8
1030	230.1
1031	229.9
1032	229.4
1033	228.7
1034	228.1
1035	227.4
1036	226.6
1037	226.2
1038	225.9
1039	225.7
1040	225.4
1041	225
1042	224.4
1043	223.5
1045	223.1
1046	222.6
1047	222.1
1048	221.9
1049	221.6
1050	221.4
1051	221.5
1052	221
1053	220.5
1054	220.3
1055	220.5
1056	220.4
1057	220.2
1058	220.1
1059	219.9
1060	219.5
1061	219.1
1062	218.7
1063	218.3
1064	217.9
1065	218.1
1066	217.5
1067	216.9
1068	216.1
1069	215.7
1070	215.5
1071	215.2
1072	215
1073	214.4
1074	214.7
1075	214.5
1076	214.3
1077	213.5
1078	212.9
1079	212.6
1080	212.4
1081	211.9
1082	211.7
1083	211.5
1084	211
1085	210.5
1086	210.5
1087	210.1
1088	210.5
1089	211.1
1090	211
1091	210.1
1092	210
1093	210.2
1094	209
1095	208.2
1096	207.4
1097	207.2
1098	206.8
1099	206.4
1100	205.9
1101	205.6
1102	205.2
1103	204.8
1104	204.5
1105	204.5
1106	204.4
1107	204.4
1109	203.8
1110	202.9
1111	202.7
1112	202.1
1113	201.6
1114	201.6
1115	200.8
1116	200
1117	199.4
1118	198.8
1119	198.3
1120	197.8
1121	197.4
1122	197.1
1123	197
1124	196.9
1125	196.6
1126	196.3
1127	195.9
1128	195.6
1129	195.2
1130	194.9
1131	194.7
1132	194.6
1133	194.5
1134	194.6
1135	194.5
1136	194.3
1137	194.2
1138	194.2
1139	193.9
1140	193.5
1141	193.3
1142	193.7
1143	194
1144	193.6
1145	192.8
1146	192.6
1147	192.9
1148	192.7
1149	192.4
1150	192.4
1151	192.4
1152	192.3
1153	192.1
1154	191.1
1155	190.8
1156	190.5
1157	190.1
1158	190.3
1159	190.5
1160	189.7
1161	189.4
1162	188.8
1163	188.8
1164	188.7
1165	188.5
1166	188.4
1167	188
1168	187.7
1169	187.4
1170	187.4
1171	187.6
1172	186.9
1174	186
1175	186
1176	185.8
1177	185.5
1178	185.3
1179	184.9
1180	184.4
1181	184.1
1182	183.7
1183	183.3
1184	183.5
1185	183.3
1186	182.9
1187	183
1188	183.3
1189	183.6
1190	183.5
1191	182.7
1192	181.9
1193	181.6
1194	181.3
1195	181
1196	180.7
1197	180.4
1198	180.1
1199	179.6
1200	178.9
1201	178.4
1202	177.8
1203	177.5
1204	177.1
1205	176.7
1206	176.4
1207	176.3
1208	176.5
1209	176.6
1210	176.3
1211	176.1
1212	175.9
1213	175.9
1214	175.9
1215	175.8
1216	175.6
1217	175.4
1218	175
1219	174.7
1220	174.2
1221	173.8
1222	173.5
1223	173.3
1224	172.9
1225	172.4
1226	172.1
1227	171.9
1228	171.6
1229	171.5
1230	171.2
1231	171.1
1232	170.9
1233	170.7
1234	170.5
1235	170.5
1236	170.4
1237	170.5
1239	170.5
1240	170.3
1241	170
1242	169.9
1243	169.7
1244	168.9
1245	168.4
1246	168.3
1247	168.1
1248	167.9
1249	167.6
1250	167.5
1251	167.6
1252	167.2
1253	166.9
1254	166.6
1255	166.2
1256	166
1257	165.7
1258	165.2
1259	164.7
1260	164.1
1261	164.3
1262	164.4
1263	164.3
1264	164.3
1265	164.3
1266	164.1
1267	164.1
1268	164.5
1269	164.6
1270	164.8
1271	164.9
1272	164.3
1273	163.5
1274	162.6
1275	162.4
1276	162
1277	161.8
1278	161.3
1279	160.8
1280	161.3
1281	161.7
1282	161.6
1283	161.3
1284	160.9
1285	160.1
1286	159.2
1287	158.5
1288	158.3
1289	158.2
1290	158.4
1291	157.8
1292	157.5
1293	157.2
1294	157
1295	157.1
1296	157.1
1297	156.9
1298	156.7
1299	156.6
1300	156.6
1301	156.5
1302	156.4
1304	156.4
1305	155.9
1306	155.7
1307	155.5
1308	155.2
1309	155.1
1310	155.2
1311	154.8
1312	154.1
1313	153.4
1314	153.1
1315	152.8
1316	152.1
1317	151.8
1318	151.8
1319	151.6
1320	151
1321	150.6
1322	150.5
1323	150.4
1324	150.3
1325	150.1
1326	150
1327	150
1328	149.9
1329	149.5
1330	149.2
1331	149
1332	148.8
1333	148.6
1334	148.4
1335	148.4
1336	148.4
1337	148.1
1338	148.1
1339	147.8
1340	147.7
1341	147.5
1342	147.4
1343	147.3
1344	147.2
1345	146.7
1346	146.2
1347	145.6
1348	145.5
1349	145.2
1350	145.2
1351	145.3
1352	145.2
1353	145.1
1354	144.8
1355	144.6
1356	144.2
1357	143.7
1358	143.6
1359	143.6
1360	143.4
1361	143.3
1362	143.3
1363	143.4
1364	143.5
1365	143.3
1366	142.9
1367	142.5
1369	142.4
1370	142.3
1371	142.1
1372	142
1373	141.8
1374	141.7
1375	141.9
1376	141.6
1377	141.4
1378	141.3
1379	141.3
1380	141.2
1381	141
1382	140.7
1383	140.5
1384	140.4
1385	140.6
1386	140.9
1387	141.4
1388	141.5
1389	141.3
1390	140.9
1391	140.5
1392	140.1
1393	140
1394	140.1
1395	140
1396	140.2
1397	140
1398	139.7
1399	139.5
1400	139.2
1401	139
1402	138.7
1403	138.3
1404	138
1405	137.5
1406	137.1
1407	136.7
1408	136.3
1409	136.1
1410	136.1
1411	136.1
1412	136.2
1413	136.3
1414	136.2
1415	135.8
1416	135.5
1417	135.1
1418	134.7
1419	134.7
1420	134.7
1421	134.5
1422	134.7
1423	134.8
1424	134.8
1425	134.5
1426	134.3
1427	134.3
1428	134
1429	133.6
1430	133.2
1431	133.2
1432	133.3
1434	133.5
1435	133.4
1436	133.1
1437	132.8
1438	132.4
1439	132.1
1440	132.3
1441	131.9
1442	131.4
1443	131.3
1444	131.2
1445	131
1446	130.8
1447	130.7
1448	130.4
1449	130.2
1450	130.2
1451	130.4
1452	130.3
1453	130.3
1454	130.2
1455	130
1456	129.5
1457	129.1
1458	128.7
1459	128.5
1460	128.4
1461	128.4
1462	128.3
1463	128.7
1464	128.7
1465	128.7
1466	128.7
1467	128.7
1468	128.7
1469	128.7
1470	128.3
1471	128
1472	127.8
1473	127.7
1474	127.4
1475	127.1
1476	126.6
1477	126.3
1478	126
1479	125.9
1480	125.9
1481	125.7
1482	125.5
1483	125.1
1484	125
1485	124.9
1486	124.8
1487	124.7
1488	124.5
1489	124.1
1490	123.9
1491	124
1492	124
1493	123.7
1494	123.3
1495	123
1496	122.8
1497	122.6
1499	122.3
1500	122.1
1501	121.8
1502	121.6
1503	121.3
1504	121
1505	120.7
1506	120.5
1507	120.3
1508	120.2
1509	120.3
1510	120.2
1511	120.1
1512	120.1
1513	119.9
1514	120
1515	120.1
1516	120
1517	119.9
1518	119.8
1519	119.8
1520	119.8
1521	119.4
1522	119.1
1523	118.8
1524	118.7
1525	118.6
1526	118.7
1527	118.8
1528	118.8
1529	118.8
1530	118.8
1531	118.5
1532	118.2
1533	117.9
1534	117.5
1535	117.3
1536	117.3
1537	117.4
1538	117.3
1539	117.4
1540	117.4
1541	117.8
1542	117.8
1543	117.8
1544	117.7
1545	117.8
1546	117.9
1547	117.6
1548	117.6
1549	117.6
1550	117.7
1551	117.5
1552	117
1553	116.7
1554	116.2
1555	115.8
1556	115.6
1557	115.5
1558	115.4
1559	115.1
1560	114.8
1561	114.7
1562	114.6
1564	114.4
1565	114.3
1566	114.3
1567	114.3
1568	114.3
1569	114.1
1570	113.9
1571	113.6
1572	113.3
1573	113.1
1574	112.9
1575	112.7
1576	112.5
1577	112.4
1578	112.3
1579	112.4
1580	112.3
1581	112
1582	111.9
1583	111.7
1584	111.6
1585	111.7
1586	111.5
1587	111.4
1588	111.4
1589	111.3
1590	111.2
1591	111
1592	110.9
1593	110.8
1594	110.7
1595	110.4
1596	110.2
1597	110
1598	109.7
1599	109.6
1600	109.5
1601	109.5
1602	109.8
1603	109.7
1604	109.5
1605	109.7
1606	109.7
1607	109.6
1608	109.4
1609	109.3
1610	109.1
1611	109
1612	108.9
1613	109
1614	108.7
1615	108.2
1616	107.8
1617	107.8
1618	107.8
1619	107.8
1620	108
1621	108.3
1622	108.5
1623	108.5
1624	108.5
1625	108.3
1626	108.2
1627	108.1
1629	108.2
1630	108
1631	107.8
1632	107.6
1633	107.7
1634	107.7
1635	107.7
1636	107.8
1637	107.7
1638	107.6
1639	108
1640	108.3
1641	108.3
1642	108.1
1643	108
1644	108
1645	107.6
1646	107.4
1647	107.3
1648	107.1
1649	106.9
1650	106.8
1651	106.8
1652	107.2
1653	107.6
1654	107.8
1655	107.6
1656	107.3
1657	107.1
1658	107
1659	107.1
1660	107.3
1661	107.4
1662	107.3
1663	107.1
1664	106.9
1665	106.8
1666	106.7
1667	106.8
1668	106.9
1669	106.8
1670	106.7
1671	106.1
1672	105.8
1673	105.3
1674	104.9
1675	104.9
1676	105
1677	104.9
1678	104.5
1679	104.4
1680	104.5
1681	104.4
1682	104.6
1683	104.5
1684	104.2
1685	103.9
1686	103.3
1687	102.9
1688	102.7
1689	102.3
1690	102.1
1691	102.1
1692	102.2
1694	102.1
1695	102
1696	101.8
1697	101.8
1698	101.9
1699	101.8
1700	101.6
1701	101.6
1702	101.6
1703	101.6
1704	101.5
1705	101.4
1706	101.2
1707	100.9
1708	100.5
1709	100.2
1710	100.1
1711	99.9
1712	99.8
1713	99.8
1714	99.9
1715	99.9
1716	99.7
1717	99.7
1718	99.4
1719	99.1
1720	98.9
1721	98.6
1722	98.5
1723	98.4
1724	98.2
1725	98.2
1726	98.4
1727	98.6
1728	98.7
1729	98.9
1730	98.8
1731	98.5
1732	98.4
1733	98.4
1734	98.2
1735	98.1
1736	98
1737	98.4
1738	98.6
1739	98.8
1740	98.6
1741	98.5
1742	98.3
1743	98.3
1744	98.4
1745	98.3
1746	98.1
1747	97.8
1748	97.9
1749	97.8
1750	97.5
1751	97.5
1752	97.3
1753	97.1
1754	97.1
1755	97
1756	97.2
1757	96.9
1759	96.9
1760	96.8
1761	96.5
1762	96.4
1763	96.4
1764	96.2
1765	96.1
1766	95.9
1767	95.7
1768	95.7
1769	95.9
1770	95.8
1771	95.9
1772	95.8
1773	95.6
1774	95.3
1775	95
1776	94.8
1777	94.4
1778	94.2
1779	94.1
1780	93.9
1781	93.7
1782	93.5
1783	93.4
1784	93.4
1785	93.4
1786	93.6
1787	93.7
1788	93.6
1789	93.6
1790	93.4
1791	93.5
1792	93.3
1793	93.2
1794	93.1
1795	93
1796	93
1797	93
1798	93
1799	92.9
1800	92.9
1801	93
1802	93.1
1803	93
1804	92.8
1805	92.6
1806	92.5
1807	92.4
1808	92.4
1809	92.6
1810	92.8
1811	92.4
1812	92.1
1813	91.7
1814	91.5
1815	91.1
1816	90.8
1817	90.6
1818	90.3
1819	90.1
1820	90
1821	89.9
1822	89.7
1824	89.4
1825	89.2
1826	89.1
1827	89
1828	89
1829	89
1830	89
1831	89.2
1832	89.4
1833	89.6
1834	89.6
1835	89.6
1836	89.8
1837	90
1838	90
1839	90
1840	89.7
1841	89.7
1842	89.8
1843	89.9
1844	90
1845	90.1
1846	90
1847	90
1848	89.9
1849	89.8
1850	89.7
1851	89.8
1852	89.9
1853	90
1854	89.9
1855	89.7
1856	89.4
1857	89.3
1858	89.3
1859	89.1
1860	88.9
1861	88.7
1862	88.5
1863	88.2
1864	88
1865	87.8
1866	87.6
1867	87.4
1868	87.3
1869	87.3
1870	87.3
1871	87.2
1872	87.2
1873	87.3
1874	87.2
1875	87.2
1876	87.1
1877	87.2
1878	87.4
1879	87.3
1880	87.3
1881	87.5
1882	87.5
1883	87.5
1884	87.3
1885	87.2
1886	87.1
1887	86.7
1889	86.3
1890	85.8
1891	85.6
1892	85.2
1893	85.2
1894	85.3
1895	85.3
1896	85.4
1897	85.4
1898	85.4
1899	85.3
1900	85.2
1901	85.2
1902	85.2
1903	85
1904	84.8
1905	84.8
1906	85
1907	84.9
1908	84.3
1909	83.9
1910	83.8
1911	83.7
1912	83.7
1913	83.7
1914	83.7
1915	83.8
1916	83.9
1917	83.9
1918	83.9
1919	83.9
1920	83.8
1921	83.7
1922	83.6
1923	83.5
1924	83.6
1925	83.6
1926	83
1927	82.8
1928	82.8
1929	82.8
1930	82.6
1931	82.8
1932	82.9
1933	82.6
1934	81.8
1935	81.3
1936	81
1937	81.1
1938	81.1
1939	81.1
1940	81.3
1941	81.4
1942	81.3
1943	81.2
1944	81.2
1945	81.4
1946	81.5
1947	81.8
1948	81.9
1949	81.9
1950	81.7
1951	81.7
1952	81.6
1954	81.4
1955	81.4
1956	81.5
1957	81.4
1958	81.2
1959	81.1
1960	80.8
1961	80.6
1962	80.3
1963	80
1964	80.1
1965	80.4
1966	80.8
1967	80.9
1968	81
1969	80.8
1970	80.7
1971	80.5
1972	80.2
1973	80.1
1974	80.1
1975	80.3
1976	80.5
1977	80.4
1978	80.3
1979	80.1
1980	80
1981	80
1982	80
1983	79.9
1984	80.1
1985	80.3
1986	80.1
1987	79.8
1988	79.7
1989	79.5
1990	78.9
1991	78.6
1992	78.4
1993	78.4
1994	78.3
1995	78.3
1996	78.3
1997	78.2
1998	78
1999	77.9
2000	77.9
2001	77.7
2002	77.6
2003	77.5
2004	77.4
2005	77.4
2006	77.4
2007	77.5
2008	77.5
2009	77.6
2010	77.6
2011	77.7
2012	77.8
2013	78.1
2014	78.1
2015	78
2016	77.9
2017	77.9
2019	77.9
2020	77.8
2021	77.7
2022	77.6
2023	77.4
2024	77.2
2025	77
2026	77
2027	77.1
2028	77.1
2029	77
2030	77
2031	77
2032	77.2
2033	77
2034	76.8
2035	76.6
2036	76.5
2037	76.4
2038	76.4
2039	76.3
2040	76.2
2041	76.1
2042	76.1
2043	76.1
2044	76.1
2045	76.1
2046	76
2047	76
2048	75.9
2049	76.1
2050	76.1
2051	76.2
2052	76.2
2053	76.1
2054	76
2055	76
2056	75.9
2057	75.9
2058	76
2059	76
2060	76.1
2061	76
2062	76.1
2063	75.8
2064	75.6
2065	75.6
2066	75.6
2067	75.7
2068	75.7
2069	75.6
2070	75.5
2071	75.2
2072	75
2073	74.8
2074	74.5
2075	74.4
2076	74.4
2077	74.5
2078	74.5
2079	74.5
2080	74.6
2081	74.6
2082	74.7
2084	74.6
2085	74.3
2086	74
2087	73.9
2088	73.8
2089	73.7
2090	73.6
2091	73.5
2092	73.4
2093	73.4
2094	73.4
2095	73.3
2096	73.3
2097	73.4
2098	73.5
2099	73.6
2100	73.5
2101	73.5
2102	73.4
2103	73.2
2104	72.9
2105	72.7
2106	72.7
2107	72.8
2108	72.9
2109	73
2110	73.1
2111	73
2112	72.9
2113	72.9
2114	72.9
2115	72.6
2116	72.5
2117	72.4
2118	72.3
2119	72.2
2120	72.2
2121	72.1
2122	72
2123	71.9
2124	71.9
2125	71.9
2126	71.8
2127	71.8
2128	71.7
2129	71.6
2130	71.5
2131	71.5
2132	71.5
2133	71.6
2134	71.6
2135	71.5
2136	71.4
2137	71.2
2138	71.1
2139	71.1
2140	70.9
2141	70.8
2142	70.6
2143	70.6
2144	70.5
2145	70.4
2146	70.4
2147	70.4
2149	70.3
2150	70.3
2151	70.3
2152	70.4
2153	70.5
2154	70.4
2155	70.3
2156	70.2
2157	70.1
2158	70.1
2159	69.9
2160	69.7
2161	69.6
2162	69.5
2163	69.3
2164	69.2
2165	69.1
2166	69.1
2167	69
2168	69
2169	69
2170	69
2171	68.9
2172	68.8
2173	68.9
2174	68.9
2175	69
2176	69.1
2177	69.1
2178	69
2179	68.9
2180	68.9
2181	68.8
2182	68.6
2183	68.5
2184	68.4
2185	68.3
2186	68.2
2187	68.1
2188	68.1
2189	68.1
2190	68.2
2191	68.2
2192	68.3
2193	68.2
2194	68.1
2195	68
2196	67.9
2197	67.9
2198	67.8
2199	67.8
2200	67.9
2201	67.9
2202	68
2203	67.9
2204	67.7
2205	67.6
2206	67.4
2207	67.4
2208	67.3
2209	67.2
2210	67.2
2211	67.2
2212	67.2
2214	67.1
2215	67.2
2216	67.1
2217	67.1
2218	67.1
2219	67
2220	67
2221	67
2222	67
2223	67
2224	67
2225	66.8
2226	66.7
2227	66.7
2228	66.5
2229	66.5
2230	66.4
2231	66.4
2232	66.4
2233	66.4
2234	66.3
2235	66.1
2236	66
2237	65.9
2238	65.8
2239	65.7
2240	65.8
2241	65.8
2242	65.8
2243	65.7
2244	65.6
2245	65.6
2246	65.6
2247	65.5
2248	65.4
2249	65.4
2250	65.3
2251	65.2
2252	65.2
2253	65.2
2254	65.3
2255	65.3
2256	65.5
2257	65.4
2258	65.3
2259	65.2
2260	65.1
2261	65
2262	64.9
2263	64.9
2264	64.9
2265	65
2266	65
2267	65
2268	64.8
2269	64.7
2270	64.6
2271	64.5
2272	64.4
2273	64.3
2274	64.2
2275	64.1
2276	64
2277	63.9
2279	63.8
2280	63.9
2281	63.8
2282	63.8
2283	63.8
2284	63.7
2285	63.6
2286	63.5
2287	63.5
2288	63.6
2289	63.6
2290	63.7
2291	63.7
2292	63.6
2293	63.6
2294	63.7
2295	63.7
2296	63.6
2297	63.6
2298	63.5
2299	63.4
2300	63.3
2301	63.1
2302	62.9
2303	62.6
2304	62.6
2305	62.7
2306	62.7
2307	62.7
2308	62.7
2309	62.8
2310	62.8
2311	62.8
2312	62.8
2313	62.7
2314	62.5
2315	62.4
2316	62.2
2317	62.2
2318	62.2
2319	62.5
2320	62.7
2321	62.7
2322	62.8
2323	62.8
2324	62.7
2325	62.5
2326	62.4
2327	62.2
2328	62.2
2329	62.2
2330	62.1
2331	62.1
2332	62.1
2333	62
2334	62
2335	62
2336	61.9
2337	61.9
2338	61.9
2339	61.9
2340	61.9
2341	61.9
2342	61.6
2344	61.5
2345	61.4
2346	61.5
2347	61.7
2348	61.7
2349	61.8
2350	61.9
2351	61.8
2352	61.5
2353	61.3
2354	61.2
2355	61.2
2356	61.3
2357	61.3
2358	61.3
2359	61.4
2360	61.4
2361	61.3
2362	61.3
2363	61.3
2364	61.3
2365	61.4
2366	61.4
2367	61.2
2368	61
2369	60.9
2370	60.8
2371	60.8
2372	60.7
2373	60.6
2374	60.5
2375	60.4
2376	60.3
2377	60.2
2378	60.2
2379	60.1
2380	60
2381	60
2382	59.9
2383	59.8
2384	59.6
2385	59.6
2386	59.6
2387	59.6
2388	59.6
2389	59.7
2390	59.7
2391	59.6
2392	59.7
2393	59.6
2394	59.6
2395	59.5
2396	59.5
2397	59.3
2398	59.2
2399	59.2
2400	59.1
2401	59.1
2402	59.2
2403	59.2
2404	59.3
2405	59.4
2406	59.4
2407	59.4
2409	59.2
2410	59.1
2411	59
2412	58.9
2413	58.9
2414	58.8
2415	58.8
2416	58.9
2417	59
2418	59
2419	59
2420	58.9
2421	58.9
2422	58.7
2423	58.7
2424	58.6
2425	58.6
2426	58.5
2427	58.4
2428	58.4
2429	58.3
2430	58.3
2431	58.3
2432	58.2
2433	58.2
2434	58.3
2435	58.3
2436	58.4
2437	58.4
2438	58.4
2439	58.5
2440	58.5
2441	58.4
2442	58.4
2443	58.4
2444	58.2
2445	58
2446	57.8
2447	57.6
2448	57.5
2449	57.5
2450	57.4
2451	57.4
2452	57.4
2453	57.3
2454	57.3
2455	57.3
2456	57.3
2457	57.2
2458	57.2
2459	57.1
2460	57
2461	57
2462	57.1
2463	57.1
2464	57.2
2465	57.3
2466	57.3
2467	57.2
2468	57.1
2469	57
2470	57
2471	56.8
2472	56.7
2474	56.6
2475	56.5
2476	56.5
2477	56.5
2478	56.4
2479	56.4
2480	56.3
2481	56.4
2482	56.4
2483	56.5
2484	56.5
2485	56.6
2486	56.6
2487	56.6
2488	56.6
2489	56.5
2490	56.3
2491	56.3
2492	56.2
2493	56
2494	56
2495	56
2496	56
2497	56
2498	56
2499	56
2500	56
2501	56
2502	56
2503	56
2504	55.9
2505	56
2506	55.8
2507	55.7
2508	55.6
2509	55.5
2510	55.4
2511	55.4
2512	55.3
2513	55.3
2514	55.2
2515	55.1
2516	55
2517	55
2518	55.1
2519	55
2520	55.1
2521	55
2522	55
2523	55.1
2524	55
2525	55
2526	55
2527	55
2528	55
2529	55
2530	55
2531	55.1
2532	55
2533	55
2534	54.9
2535	54.8
2536	54.8
2537	54.7
2539	54.7
2540	54.7
2541	54.7
2542	54.6
2543	54.5
2544	54.4
2545	54.4
2546	54.2
2547	54.2
2548	54.1
2549	54
2550	53.9
2551	53.9
2552	53.8
2553	53.7
2554	53.6
2555	53.7
2556	53.8
2557	53.9
2558	53.9
2559	53.9
2560	54
2561	54
2562	53.9
2563	53.8
2564	53.7
2565	53.6
2566	53.7
2567	53.7
2568	53.8
2569	53.8
2570	53.7
2571	53.6
2572	53.5
2573	53.4
2574	53.5
2575	53.5
2576	53.5
2577	53.4
2578	53.3
2579	53.2
2580	53.2
2581	53.1
2582	53.1
2583	53
2584	53
2585	53
2586	53.1
2587	53
2588	53.1
2589	53.1
2590	53.1
2591	53
2592	53
2593	52.9
2594	52.9
2595	52.6
2596	52.4
2597	52.4
2598	52.4
2599	52.4
2600	52.4
2601	52.3
2602	52.3
2604	52.4
2605	52.4
2606	52.4
2607	52.3
2608	52.2
2609	52.1
2610	52
2611	52
2612	51.9
2613	51.8
2614	51.8
2615	51.7
2616	51.7
2617	51.7
2618	51.6
2619	51.7
2620	51.7
2621	51.8
2622	51.7
2623	51.5
2624	51.6
2625	51.6
2626	51.6
2627	51.6
2628	51.7
2629	51.7
2630	51.6
2631	51.6
2632	51.6
2633	51.6
2634	51.7
2635	51.6
2636	51.7
2637	51.8
2638	51.6
2639	51.5
2640	51.4
2641	51.4
2642	51.3
2643	51.3
2644	51.2
2645	51.3
2646	51.2
2647	51.2
2648	51.1
2649	51.1
2650	51.2
2651	51.2
2652	51.2
2653	51.1
2654	51.1
2655	51.2
2656	51.1
2657	51.2
2658	51.2
2659	51.2
2660	51.1
2661	51.1
2662	51.1
2663	51.1
2664	51.1
2665	51.1
2667	51
2668	51
2669	51
2670	50.9
2671	50.7
2672	50.6
2673	50.6
2674	50.5
2675	50.5
2676	50.5
2677	50.4
2678	50.3
2679	50.3
2680	50.2
2681	50.2
2682	50.2
2683	50.2
2684	50.1
2685	50.1
2686	50.1
2687	50.1
2688	50.1
2689	50.1
2690	50.1
2691	50.2
2692	50.2
2693	50.2
2694	50.1
2695	50
2696	49.8
2697	49.8
2698	49.7
2699	49.8
2700	49.9
2701	49.9
2702	49.9
2703	49.9
2704	49.8
2705	49.7
2706	49.7
2707	49.7
2708	49.6
2709	49.6
2710	49.6
2711	49.5
2712	49.5
2713	49.4
2714	49.4
2715	49.3
2716	49.3
2717	49.3
2718	49.3
2719	49.3
2720	49.4
2721	49.4
2722	49.4
2723	49.4
2724	49.3
2725	49.2
2726	49.1
2727	49.1
2728	49
2729	49
2730	48.8
2732	48.7
2733	48.5
2734	48.4
2735	48.3
2736	48.2
2737	48.2
2738	48.1
2739	48.1
2740	48
2741	48
2742	48
2743	48
2744	48
2745	48
2746	48
2747	47.9
2748	47.9
2749	47.9
2750	48
2751	48
2752	48
2753	47.9
2754	47.8
	
