1	27.2
2	27.3
3	27.3
4	27.3
5	27.3
6	27.4
7	27.4
8	27.4
9	27.4
10	27.4
11	27.4
12	27.4
13	27.5
14	27.4
15	27.5
16	27.5
17	27.5
18	27.6
19	27.5
20	27.5
21	27.5
22	27.5
23	27.5
24	27.5
25	27.6
26	27.6
27	27.7
28	27.8
29	27.8
30	27.9
31	28
32	28.1
33	28.2
34	28.2
35	28.3
36	28.4
37	28.4
38	28.5
39	28.5
40	28.6
41	28.7
42	28.7
43	28.8
44	28.8
45	28.9
46	28.9
47	29
48	29.2
49	29.3
50	29.4
51	29.5
52	29.6
53	29.7
54	29.9
55	29.9
56	30.1
57	30.2
58	30.4
59	30.5
60	30.5
61	30.6
62	30.7
64	30.8
65	30.9
66	31.1
67	31.2
68	31.3
69	31.4
70	31.4
71	31.6
72	31.6
73	31.7
74	31.8
75	32
76	32.1
77	32.3
78	32.4
79	32.4
80	32.6
81	32.7
82	32.9
83	33.1
84	33.2
85	33.5
86	33.7
87	33.9
88	34.1
89	34.2
90	34.4
91	34.6
92	34.8
93	34.9
94	35.1
95	35.3
96	35.3
97	35.4
98	35.5
99	35.6
100	35.7
101	35.9
102	36
103	36.2
104	36.3
105	36.4
106	36.6
107	36.8
108	37
109	37.3
110	37.6
111	37.8
112	38.1
113	38.4
114	38.7
115	38.9
116	39.2
117	39.5
118	39.7
119	40
120	40
121	40.2
122	40.4
123	40.6
124	40.8
125	41
126	41.2
128	41.3
129	41.5
130	41.8
131	42
132	42.3
133	42.5
134	42.6
135	42.8
136	43
137	43.1
138	43.4
139	43.5
140	43.7
141	43.9
142	44.1
143	44.4
144	44.7
145	44.9
146	45.1
147	45.2
148	45.5
149	45.8
150	46
151	46.3
152	46.6
153	46.9
154	47.2
155	47.5
156	47.8
157	48
158	48.3
159	48.6
160	48.9
161	49
162	49.3
163	49.5
164	49.8
165	50
166	50.3
167	50.6
168	50.9
169	51.2
170	51.4
171	51.5
172	51.8
173	51.9
174	52
175	52.2
176	52.4
177	52.6
178	52.9
179	53.2
180	53.3
181	53.5
182	53.6
183	53.8
184	54.1
185	54.4
186	54.6
187	54.9
188	55.1
189	55.4
190	55.8
191	56
193	56.5
194	56.8
195	57
196	57.3
197	57.5
198	57.7
199	57.9
200	58.1
201	58.3
202	58.5
203	58.6
204	58.8
205	59
206	59.4
207	59.6
208	59.9
209	60.1
210	60.3
211	60.7
212	61
213	61.3
214	61.6
215	61.7
216	61.9
217	62.2
218	62.4
219	62.8
220	63
221	63.3
222	63.5
223	63.7
224	63.9
225	64.2
226	64.3
227	64.5
228	64.7
229	64.9
230	65.2
231	65.4
232	65.8
233	66.1
234	66.4
235	66.9
236	67.5
237	68.1
238	68.4
239	68.8
240	69.3
241	69.6
242	70
243	70.3
244	70.5
245	70.8
246	70.9
247	71.2
248	71.7
249	71.9
250	72.1
251	72.3
252	72.5
253	72.9
254	73.1
255	73.3
256	73.6
258	73.8
259	74
260	74.4
261	74.8
262	75.2
263	75.5
264	76
265	76.4
266	76.7
267	77.1
268	77.4
269	77.6
270	77.8
271	78
272	78.2
273	78.5
274	78.9
275	79.2
276	79.5
277	79.6
278	80
279	80.2
280	80.5
281	80.8
282	81.1
283	81.4
284	81.5
285	81.8
286	82.1
287	82.4
288	82.8
289	83.2
290	83.6
291	83.7
292	83.9
293	84.4
294	84.9
295	85.3
296	85.8
297	86.1
298	86.6
299	86.9
300	87.1
301	87.4
302	87.7
303	88.4
304	88.8
305	89.2
306	89.4
307	89.7
308	89.9
309	90.1
310	90.3
311	90.7
312	91
313	91.3
314	91.7
315	92.1
316	92.3
317	92.5
318	92.8
319	93.1
320	93.4
321	93.6
323	93.7
324	93.8
325	94
326	94.3
327	94.4
328	94.8
329	95
330	95.1
331	95.3
332	95.4
333	95.7
334	95.9
335	96.3
336	96.5
337	96.9
338	97.6
339	98.1
340	98.6
341	99.3
342	99.6
343	99.8
344	100
345	100.1
346	100.4
347	100.6
348	100.9
349	101.3
350	101.5
351	101.8
352	101.9
353	102.1
354	102.3
355	102.5
356	102.7
357	102.9
358	103.1
359	103.5
360	103.7
361	104
362	104.2
363	104.4
364	104.6
365	104.9
366	105.4
367	106.3
368	106.9
369	107.8
370	108.4
371	108.9
372	109.3
373	109.6
374	109.8
375	110.1
376	110.6
377	111.3
378	111.7
379	112
380	112.1
381	112.1
382	112.1
383	112.2
384	112.2
385	112.3
386	112.5
388	112.7
389	113
390	113.2
391	113.4
392	113.6
393	113.8
394	114.1
395	114.3
396	114.7
397	115
398	115.3
399	115.8
400	116.1
401	116.5
402	116.8
403	117
404	117.3
405	117.6
406	117.9
407	118.2
408	118.4
409	118.7
410	119.1
411	119.3
412	119.6
413	119.8
414	120.1
415	120.3
416	120.5
417	120.9
418	121.1
419	121.3
420	121.7
421	122
422	122.3
423	122.6
424	122.9
425	123.2
426	123.5
427	123.8
428	124.1
429	124.4
430	124.7
431	125
432	125.4
433	125.7
434	126
435	126.5
436	127
437	127.4
438	128
439	128.3
440	128.8
441	129.2
442	129.5
443	130
444	130.3
445	130.6
446	130.9
447	131.1
448	131.5
449	131.9
450	132.4
451	132.8
453	133
454	133.2
455	133.5
456	133.8
457	134.2
458	134.4
459	134.8
460	135
461	135.3
462	135.7
463	136
464	136.3
465	136.8
466	137.1
467	137.7
468	138
469	138.4
470	138.9
471	139.5
472	140.3
473	140.7
474	141.1
475	141.6
476	142
477	142.2
478	142.6
479	142.9
480	143.2
481	143.5
482	143.8
483	144.3
484	144.6
485	145.5
486	146.3
487	147.1
488	147.6
489	147.8
490	148
491	148.4
492	148.7
493	149.2
494	149.7
495	149.8
496	150.1
497	150.5
498	151.1
499	151.6
500	152.1
501	153
502	153.4
503	153.9
504	154.3
505	154.8
506	155.4
507	156
508	156.5
509	157.4
510	158
511	158.8
512	159.5
513	160.1
514	158.9
515	158.2
516	157.8
518	157
519	156.3
520	155.3
521	154.8
522	154.3
523	153.7
524	153.8
525	154
526	154.2
527	154.3
528	154.8
529	155.2
530	155.7
531	156.5
532	157
533	157.6
534	158.1
535	158.4
536	158.9
537	159.4
538	160.1
539	160.4
540	160.7
541	161.1
542	161.4
543	162
544	162.5
545	163.1
546	164
547	164.6
548	165.1
549	165.9
550	166.8
551	167.9
552	168.5
553	169
554	169.7
555	169.9
556	170.5
557	171
558	171.5
559	172
560	172.4
561	172.8
562	173.5
563	173.9
564	174.3
565	174.6
566	175.1
567	175.5
568	175.3
569	175.3
570	175.3
571	175.1
572	174.9
573	174.9
574	174.8
575	174.7
576	174.8
577	174.8
578	175
579	175.3
580	175.6
581	176.1
583	176.5
584	176.6
585	177.2
586	178
587	178.2
588	178.5
589	178.1
590	177.9
591	178.6
592	179
593	179.7
594	180.5
595	181.2
596	182.3
597	183
598	183.8
599	184.8
600	185.6
601	187.1
602	188
603	188.6
604	189.4
605	190.1
606	191.3
607	192.1
608	192.7
609	193.9
610	195.3
611	196.7
612	198.5
613	199.9
614	200.7
615	201.4
616	202.3
617	203.5
618	204.5
619	205.3
620	206.3
621	207.2
622	208.6
623	209.5
624	210.6
625	212.4
626	213.6
627	216
628	217.6
629	218.9
630	220.6
631	221.8
632	223.1
633	224.5
634	225.5
635	230.9
636	245.6
637	268.6
638	306
639	334.9
640	370.9
641	395.9
642	417.6
643	440.2
644	453.4
645	464.1
646	475.2
648	481.5
649	488.3
650	493.6
651	498.4
652	503.2
653	506.4
654	508.6
655	509.6
656	509.3
657	507.5
658	506.7
659	506.6
660	505.2
661	503.2
662	500.7
663	499.7
664	499.3
665	499
666	498.7
667	497.7
668	496.3
669	495.1
670	492.9
671	491.3
672	489.8
673	488
674	487
675	485.9
676	484.8
677	484
678	481.8
679	480.6
680	478.9
681	478
682	477
683	475.3
684	474.4
685	474.1
686	473.1
687	471.7
688	470.6
689	469.6
690	468.2
691	466.4
692	464.8
693	462.8
694	461
695	459.2
696	457.2
697	456.5
698	456.1
699	456.3
700	456.7
701	455.2
702	454.3
703	452.8
704	450.7
705	449.2
706	447
707	446.2
708	444.7
709	444.1
710	442.9
711	441.7
713	441.3
714	441.4
715	440.8
716	440.2
717	438.4
718	437.9
719	438.4
720	437.5
721	437.4
722	436.9
723	436.5
724	434.9
725	432.6
726	431.7
727	431.2
728	429.1
729	427.7
730	426.4
731	425
732	423.8
733	423.1
734	422.3
735	420.6
736	420.5
737	419.1
738	415.9
739	414.6
740	413.4
741	412.4
742	410.7
743	409.7
744	408.3
745	407.7
746	405.7
747	405.2
748	403.4
749	400.8
750	400.7
751	398.4
752	398.5
753	399.2
754	399.2
755	398.7
756	397.9
757	396.9
758	397.4
759	396.9
760	395.3
761	394
762	394
763	393.3
764	390.8
765	389.9
766	388.9
767	387
768	386.8
769	386.7
770	386.3
771	384.9
772	383.8
773	381.7
774	379.9
775	378.3
776	377.1
778	375.9
779	374.8
780	374.4
781	373.2
782	372.3
783	370.4
784	370.4
785	369.3
786	368.3
787	369.3
788	369.6
789	368.7
790	367.4
791	365.5
792	364.9
793	363.8
794	362.6
795	361.7
796	362.2
797	362.8
798	361.9
799	361.7
800	361.4
801	360.9
802	359.5
803	359.3
804	358.3
805	357
806	356.4
807	354.3
808	353.4
809	352.6
810	351.5
811	350.4
812	349.9
813	349.2
814	348.3
815	346.4
816	346.4
817	344.9
818	343.2
819	342.8
820	342.3
821	341.3
822	338.1
823	337.3
824	336
825	336.2
826	335.9
827	335.2
828	335
829	334.8
830	333.3
831	331.9
832	331.4
833	330.7
834	331.1
835	333
836	332.8
838	332.3
839	331.7
840	331.2
841	331.5
842	331.6
844	332
845	331.2
848	327.3
849	326.2
850	325.7
851	323.3
852	321.9
853	320.5
854	319
855	317.9
856	317.4
857	317
858	316.8
859	316.8
860	316.5
861	316.3
862	316
863	314.9
864	314
865	313.5
866	313
867	312.3
868	311.6
869	310.9
870	310.7
871	310.4
872	309.6
873	309.5
874	309.2
875	308.9
876	308.6
877	307.7
878	307.1
879	306.4
880	305.5
881	305.1
882	304.3
884	303.8
885	303.2
886	302.3
887	301.9
888	301.8
889	301.5
890	301.4
891	301.7
892	301.2
893	300.1
894	299.2
895	298.4
896	298.6
897	299.2
898	299.5
899	298
900	296.5
901	295
902	295.2
903	295.5
904	295.8
905	294.1
906	292.2
907	290.7
908	289.7
909	288.7
910	287.9
911	287.3
912	286
913	285.1
914	285
915	284.5
916	283.9
917	283.4
918	282.7
919	282.1
920	282.2
921	281
922	280.2
923	279.9
924	279.5
925	278.7
926	277.6
927	276.5
928	276.7
929	276.3
930	274.2
931	274
932	274.3
933	273.9
934	273.9
935	273.6
936	272.8
937	271.8
938	271.5
939	271.3
940	271.4
941	270.5
942	269.1
943	267.8
944	267.3
945	267.4
946	267.3
947	266.7
949	265.5
950	265.2
951	264.9
952	264.1
953	263.6
954	262.9
955	262.1
956	261.3
957	260.8
958	260.2
959	259.2
960	259.7
961	258.4
962	258.1
963	258.1
964	257.3
965	256.2
966	255.2
967	254.6
968	253.8
969	253.5
970	253.1
971	252.5
972	252.2
973	252.4
974	252.4
975	252.7
976	252.8
977	252.3
978	251.7
979	250.7
980	249.6
981	249.1
982	248.1
983	247.7
984	246.8
985	246.4
986	245.9
987	245.8
988	245.5
989	244.8
990	243.9
991	242.9
992	242.8
993	242.3
994	241.6
995	240.7
996	239.5
997	239.1
998	239.3
999	239.7
1000	239.9
1001	239.1
1002	239
1003	238.5
1004	237.6
1005	236.7
1006	236.2
1007	235.8
1008	235.2
1009	234.8
1010	235.3
1011	235.8
1012	235.2
1014	234
1015	233.6
1016	234.4
1017	234.6
1018	234.2
1019	233.2
1020	232.5
1021	232.4
1022	231.9
1023	231.3
1024	231.2
1025	231.7
1026	231.1
1027	230.8
1028	231.3
1029	231.1
1030	230.4
1031	229.1
1032	229
1033	228.5
1034	227.8
1035	227.3
1036	227
1037	226.6
1038	226.6
1039	225.6
1040	224.5
1041	224.4
1042	224.5
1043	224.4
1044	224.1
1045	223.7
1046	223.4
1047	223.5
1048	223.3
1049	222
1050	221.7
1051	222.2
1052	221.7
1053	221.2
1054	220.8
1055	221
1056	220.9
1057	220.7
1058	221
1059	220.8
1060	220.8
1061	220.7
1062	220.2
1063	220.1
1064	220.6
1065	218.7
1066	217.5
1067	216.6
1068	215.8
1069	215.4
1070	214.6
1071	214.1
1072	214.1
1073	213.8
1074	214.1
1075	213.8
1076	213.1
1077	212.2
1079	211.6
1080	211.6
1081	212
1082	212.1
1083	212.4
1084	211.7
1085	211.2
1086	210.3
1087	210.1
1088	209.9
1089	208.6
1090	208.1
1091	208.1
1092	208.1
1093	208.2
1094	207.2
1095	206.4
1096	206.2
1097	206.2
1098	206.1
1099	206.1
1100	206.2
1101	205.8
1102	205.3
1103	205.4
1104	205.8
1105	205.8
1106	206.2
1107	205.7
1108	205.3
1109	204.8
1110	204.1
1111	204.2
1112	203.7
1113	203.9
1114	203.7
1115	203.8
1116	203.4
1117	203.1
1118	202.5
1119	201.8
1120	201.4
1121	201.2
1122	200.8
1123	200.6
1124	200.5
1125	200.5
1126	200
1127	199.7
1128	199.3
1129	198.6
1130	198.5
1131	199
1132	199.4
1133	200
1134	199.4
1135	198.7
1136	198
1137	197.6
1138	197.2
1139	197.1
1140	196.8
1141	196.8
1142	196.9
1144	196.6
1145	196.6
1146	196.2
1147	196.5
1148	195.9
1149	195.3
1150	194.8
1151	194.4
1152	193.7
1153	193.4
1154	193.3
1155	193
1156	192.5
1157	192.1
1158	192
1159	192
1160	191.6
1161	191
1162	190.4
1163	189.9
1164	189.3
1165	188.4
1166	188.5
1167	188.8
1168	188.8
1169	188.8
1170	188.5
1171	188.1
1172	188
1173	187.1
1174	186.3
1175	186
1176	185.8
1177	185.2
1178	184.5
1179	184.2
1180	183.9
1181	183.8
1182	183.3
1183	183
1184	182.9
1185	183
1186	182.9
1187	182.4
1188	182.2
1189	181.5
1190	181.5
1191	181.1
1192	180.8
1193	180.8
1194	180.2
1195	179.6
1196	178.9
1197	178.2
1198	177.9
1199	177.4
1200	177.3
1201	177.3
1202	177.5
1203	178.2
1204	178.8
1205	178.6
1206	178
1207	177.5
1209	177.3
1210	177.5
1211	177.6
1212	177.3
1213	177.7
1214	177.3
1215	177.4
1216	177.5
1217	177.4
1218	177.1
1219	176.8
1220	175.9
1221	173.9
1222	172.7
1223	171.5
1224	172
1225	172.5
1226	173
1227	173.1
1228	172.7
1229	173.2
1230	172.9
1231	172.7
1232	172.3
1233	171.3
1234	170.5
1235	170.6
1236	170.5
1237	169.7
1238	169.3
1239	168.3
1240	167.6
1241	166.8
1242	166.6
1243	165.8
1244	165.2
1245	165.3
1246	165.5
1247	165.6
1248	166
1249	166.7
1250	167.3
1251	167.7
1252	167.7
1253	167.8
1254	168.3
1255	168.5
1256	168.9
1257	169.3
1258	169.1
1259	169
1260	168.6
1261	168.1
1262	167.7
1263	167.6
1264	167.4
1265	166.8
1266	166.6
1267	166.1
1268	165.8
1269	165.6
1270	165.4
1271	165.2
1272	164.9
1274	164.8
1275	164.6
1276	164.4
1277	164.1
1278	163.9
1279	163.8
1280	163.5
1281	163.4
1282	163.3
1283	163.2
1284	163.1
1285	162.9
1286	162.8
1287	162.5
1288	162.4
1289	162.5
1290	162.6
1291	162.7
1292	162.9
1293	162.3
1294	161.3
1295	160.4
1296	159.6
1297	159.1
1298	158.8
1299	158.2
1300	157.9
1301	157.8
1302	157.6
1303	157.3
1304	156.8
1305	156.4
1306	156.1
1307	156
1308	155.7
1309	155.5
1310	155.1
1311	154.7
1312	154.3
1313	154
1314	153.8
1315	153.5
1316	153.4
1317	153.3
1318	153.2
1319	153.2
1320	153
1321	152.8
1322	152.6
1323	152.3
1324	152.3
1325	152.2
1326	152.4
1327	152.4
1328	152.3
1329	152.3
1330	152.2
1331	152.1
1332	152.2
1333	152.2
1334	152.2
1335	152.1
1336	152
1337	151.9
1339	151.7
1340	151.5
1341	151.4
1342	151.3
1343	151.2
1344	151
1345	150.8
1346	150.6
1347	150.5
1348	150.5
1349	150.7
1350	150.8
1351	150.7
1352	150.7
1353	150.6
1354	150.5
1355	150.2
1356	150
1357	149.9
1358	149.6
1359	149.4
1360	149.2
1361	149
1362	148.8
1363	148.7
1364	148.5
1365	148.1
1366	147.8
1367	147.6
1368	147.3
1369	147
1370	146.8
1371	146.5
1372	146.2
1373	145.8
1374	145.4
1375	145.1
1376	144.8
1377	144.8
1378	145.1
1379	145.3
1380	145.6
1381	145.5
1382	145.2
1383	144.7
1384	144.5
1385	144.6
1386	144.6
1387	144.4
1388	144.3
1389	144.1
1390	144
1391	143.7
1392	143.6
1393	143.4
1394	143.1
1395	142.8
1396	142.4
1397	142.1
1398	141.9
1399	141.5
1400	141.3
1401	141
1402	140.8
1404	140.7
1405	140.6
1406	140.4
1407	140.1
1408	139.7
1409	139.8
1410	139.7
1411	139.7
1412	139.8
1413	139.9
1414	139.9
1415	139.8
1416	139.7
1417	139.6
1418	139.5
1419	139.5
1420	139.4
1421	139.3
1422	139.3
1423	139.1
1424	138.9
1425	138.6
1426	138.2
1427	137.9
1428	137.7
1429	137.4
1430	137.3
1431	137.2
1432	137.1
1433	137
1434	136.7
1435	136.3
1436	136
1437	135.7
1438	135.6
1439	135.3
1440	135.2
1441	135.1
1442	134.9
1443	134.5
1444	134.2
1445	134.1
1446	134.1
1447	134
1448	134
1449	133.9
1450	133.8
1451	133.6
1452	133.2
1453	132.9
1454	132.7
1455	132.8
1456	133
1457	133.3
1458	133.2
1459	133.1
1460	132.9
1461	132.7
1462	132.5
1463	132.3
1464	132.1
1465	131.8
1466	131.7
1467	131.5
1469	131.2
1470	131
1471	130.6
1472	130.4
1473	130.3
1474	130.1
1475	130
1476	129.8
1477	129.7
1478	129.7
1479	129.6
1480	129.6
1481	129.6
1482	129.5
1483	129.5
1484	129.4
1485	129.3
1486	129.2
1487	129.1
1488	128.8
1489	128.3
1490	127.9
1491	127.5
1492	127.2
1493	126.9
1494	126.6
1495	126.5
1496	126.3
1497	126.2
1498	126.1
1499	126.2
1500	126.3
1501	126.1
1502	125.8
1503	125.8
1504	125.7
1505	125.7
1506	125.6
1507	125.6
1508	125.5
1509	125.4
1510	125.3
1511	125.2
1512	125.2
1513	125.2
1514	125.3
1515	125
1516	124.8
1517	124.5
1518	124.3
1519	124.4
1520	124.4
1521	124.5
1522	124.2
1523	123.8
1524	123.6
1525	123.4
1526	123.2
1527	123.3
1528	123.2
1529	122.9
1530	122.7
1531	122.6
1532	122.7
1534	123
1535	123.1
1536	123.3
1537	123.5
1538	123.6
1539	123.7
1540	123.7
1541	123.6
1542	123.1
1543	122.9
1544	122.6
1545	122.1
1546	121.9
1547	121.7
1548	121.5
1549	121.4
1550	121
1551	120.8
1552	120.5
1553	120.2
1554	120
1555	119.7
1556	119.3
1557	119
1558	118.6
1559	118.5
1560	118.3
1561	118.3
1562	118.1
1563	117.9
1564	117.7
1565	117.6
1566	117.5
1567	117.5
1568	117.3
1569	117.1
1570	116.9
1571	116.8
1572	116.6
1573	116.6
1574	116.7
1575	116.6
1576	116.9
1577	117
1578	116.9
1579	116.8
1580	116.9
1581	116.8
1582	116.7
1583	116.5
1584	116.3
1585	116
1586	115.7
1587	115.5
1588	115.4
1589	115.1
1590	115
1591	114.8
1592	114.6
1593	114.4
1594	114
1595	113.7
1596	113.6
1597	113.4
1599	113.1
1600	112.9
1601	112.7
1602	112.7
1603	112.8
1604	112.5
1605	112.3
1606	112.1
1607	112
1608	111.7
1609	111.6
1610	111.5
1611	111.4
1612	111.7
1613	111.9
1614	111.7
1615	111.4
1616	111.2
1617	111.1
1618	111
1619	110.9
1620	110.8
1621	110.7
1622	110.6
1623	110.5
1624	110.3
1625	110.2
1626	110.1
1627	110.1
1628	110.3
1629	110.6
1630	110.7
1631	110.8
1632	110.7
1633	110.6
1634	110.3
1635	110.2
1636	110
1637	109.8
1638	109.7
1639	109.5
1640	109.5
1641	109.5
1642	109.3
1643	109.3
1644	109.2
1645	109.1
1646	109
1647	108.7
1648	108.4
1649	108.2
1650	108
1651	107.9
1652	107.7
1653	107.5
1654	107.3
1655	107.2
1656	107.1
1657	107
1658	106.9
1659	106.8
1660	106.8
1661	106.7
1662	106.6
1664	106.7
1665	106.7
1666	106.6
1667	106.7
1668	106.8
1669	106.9
1670	106.9
1671	106.8
1672	106.8
1673	106.6
1674	106.5
1675	106.4
1676	106.4
1677	106.4
1678	106.3
1679	106.1
1680	106
1681	105.8
1682	105.7
1683	105.6
1684	105.4
1685	105.4
1686	105.3
1687	105.2
1688	105
1689	104.7
1690	104.5
1691	104.2
1692	103.8
1693	103.5
1694	103.4
1695	103.1
1696	102.9
1697	102.9
1698	102.8
1699	102.8
1700	102.8
1701	102.8
1702	102.8
1703	102.8
1704	102.7
1705	102.5
1706	102.4
1707	102.3
1708	102.2
1709	102.1
1710	102.1
1711	102
1712	102
1713	101.8
1714	101.7
1715	101.5
1716	101.1
1717	100.8
1718	100.8
1719	101.1
1720	101.3
1721	101.4
1722	101.2
1723	101
1724	100.9
1725	100.8
1726	100.6
1727	100.5
1729	100.4
1730	100.4
1731	100.3
1732	100.1
1733	100
1734	99.9
1735	99.8
1736	99.6
1737	99.5
1738	99.3
1739	99.2
1740	99
1741	98.7
1742	98.5
1743	98.4
1744	98.3
1745	98.1
1746	98
1747	97.9
1748	97.9
1749	98
1750	98
1751	98.1
1752	98.3
1753	98.5
1754	98.5
1755	98.5
1756	98.4
1757	98.5
1758	98.3
1759	98.1
1760	97.9
1761	97.6
1762	97.5
1763	97.4
1764	97.3
1765	97.3
1766	97.3
1767	97.4
1768	97.4
1769	97.4
1770	97.4
1771	97.4
1772	97.4
1773	97.3
1774	97.2
1775	97.1
1776	97.1
1777	97.1
1778	97
1779	96.7
1780	96.3
1781	95.9
1782	95.6
1783	95.4
1784	95.2
1785	95.1
1786	95
1787	95.1
1788	95.2
1789	95.2
1790	95.1
1791	94.9
1792	94.6
1794	94.4
1795	94.2
1796	94
1797	93.9
1798	93.8
1799	93.7
1800	93.5
1801	93.4
1802	93.2
1803	93.2
1804	93.3
1805	93.2
1806	93
1807	92.9
1808	92.7
1809	92.7
1810	92.7
1811	92.5
1812	92.4
1813	92.4
1814	92.3
1815	92.3
1816	92.3
1817	92.3
1818	92.3
1819	92.3
1820	92.3
1821	92.4
1822	92.5
1823	92.5
1824	92.5
1825	92.5
1826	92.5
1827	92.6
1828	92.6
1829	92.5
1830	92.4
1831	92.3
1832	92.3
1833	92.2
1834	92.1
1835	92
1836	91.9
1837	91.7
1838	91.4
1839	91.2
1840	91
1841	90.9
1842	90.9
1843	91
1844	90.9
1845	90.8
1846	90.6
1847	90.4
1848	90.2
1849	90.1
1850	89.8
1851	89.7
1852	89.4
1853	89.2
1854	89
1855	88.9
1856	88.8
1857	88.7
1859	88.5
1860	88.4
1861	88.3
1862	88.3
1863	88.1
1864	88
1865	87.9
1866	87.9
1867	87.9
1868	87.9
1869	87.8
1870	87.7
1871	87.7
1872	87.6
1873	87.6
1874	87.6
1875	87.6
1876	87.6
1877	87.7
1878	87.9
1879	88.1
1880	88
1881	87.8
1882	87.6
1883	87.6
1884	87.5
1885	87.6
1886	87.8
1887	87.9
1888	87.7
1889	87.6
1890	87.5
1891	87.4
1892	87.2
1893	87.1
1894	86.8
1895	86.6
1896	86.4
1897	86.1
1898	86
1899	85.9
1900	85.9
1901	85.8
1902	85.6
1903	85.6
1904	85.5
1905	85.4
1906	85.3
1907	85.4
1908	85.5
1909	85.4
1910	85.4
1911	85.2
1912	85.1
1913	85
1914	85
1915	84.9
1916	84.8
1917	84.8
1918	84.6
1919	84.5
1920	84.2
1921	84
1923	83.8
1924	83.7
1925	83.7
1926	83.6
1927	83.3
1928	83.1
1929	82.8
1930	82.6
1931	82.5
1932	82.3
1933	82.2
1934	82.1
1935	82
1936	82
1937	81.9
1938	81.9
1939	81.9
1940	81.9
1941	81.9
1942	81.9
1943	82.1
1944	82.1
1945	82.4
1946	82.5
1947	82.7
1948	83
1949	83.2
1950	83.5
1951	83.6
1952	83.6
1953	83.6
1954	83.4
1955	83.4
1956	83.4
1957	83.4
1958	83.2
1959	83.1
1960	83.1
1961	83.1
1962	82.9
1963	82.5
1964	82.3
1965	82.3
1966	82
1967	81.8
1968	81.9
1969	81.7
1970	81.5
1971	81.4
1972	81.2
1973	81
1974	80.2
1975	79.9
1976	79.8
1977	79.8
1978	79.9
1979	80
1980	80
1981	80
1982	80
1983	79.8
1984	79.7
1985	79.5
1986	79.5
1988	79.9
1989	80.2
1990	80.5
1991	80.6
1992	80.7
1993	80.7
1994	80.8
1995	80.8
1996	80.8
1997	80.8
1998	80.5
1999	80.4
2000	80.3
2001	80.2
2002	80.2
2003	80.3
2004	80.3
2005	80.2
2006	79.9
2007	79.6
2008	79.3
2009	79.1
2010	78.9
2011	78.5
2012	78.2
2013	78.1
2014	78
2015	77.8
2016	77.7
2017	77.5
2018	77.3
2019	77.1
2020	77
2021	77
2022	77
2023	76.9
2024	76.7
2025	76.6
2026	76.6
2027	76.5
2028	76.4
2029	76.3
2030	76.3
2031	76.4
2032	76.4
2033	76.5
2034	76.7
2035	76.9
2036	77
2037	76.9
2038	76.9
2039	77
2040	76.9
2041	76.9
2042	76.8
2043	76.6
2044	76.6
2045	76.5
2046	76.4
2047	76.3
2048	76
2049	75.8
2050	75.5
2051	75.3
2053	75.2
2054	75.1
2055	75
2056	74.9
2057	74.8
2058	74.9
2059	74.8
2060	74.7
2061	74.6
2062	74.5
2063	74.4
2064	74.2
2065	74.2
2066	74.1
2067	74
2068	74
2069	74.2
2070	74.3
2071	74.2
2072	74
2073	74
2074	73.9
2075	73.8
2076	73.8
2077	73.8
2078	73.7
2079	73.7
2080	73.7
2081	73.7
2082	73.8
2083	73.9
2084	73.7
2085	73.5
2086	73.4
2087	73.1
2088	73
2089	72.7
2090	72.6
2091	72.5
2092	72.4
2093	72.3
2094	72.3
2095	72.2
2096	72.2
2097	72.2
2098	72.3
2099	72.4
2100	72.4
2101	72.5
2102	72.5
2103	72.5
2104	72.6
2105	72.6
2106	72.6
2107	72.7
2108	72.7
2109	72.7
2110	72.8
2111	72.7
2112	72.8
2113	72.8
2114	72.9
2115	73
2116	73.2
2118	73.1
2119	72.9
2120	72.8
2121	72.9
2122	72.8
2123	72.8
2124	72.9
2125	72.7
2126	72.8
2127	72.9
2128	73
2129	73
2130	73
2131	72.9
2132	72.7
2133	72.8
2134	72.6
2135	72.6
2136	72.5
2137	72.3
2138	72.2
2139	72.2
2140	72.1
2141	72
2142	71.9
2143	71.8
2144	71.7
2145	71.5
2146	71.4
2147	71.3
2148	71.2
2149	71.2
2150	71.1
2151	71.1
2152	71.1
2153	71.1
2154	71.1
2155	71.1
2156	71
2157	71
2158	71
2159	71.1
2160	71.1
2161	71.1
2162	71
2163	70.9
2164	71
2165	71.1
2166	71.1
2167	71
2168	70.9
2169	70.7
2170	70.6
2171	70.6
2172	70.6
2173	70.6
2174	70.5
2175	70.3
2176	70.2
2177	70.1
2178	70
2179	69.9
2180	69.8
2181	69.7
2183	69.6
2184	69.5
2185	69.4
2186	69.4
2187	69.4
2188	69.4
2189	69.4
2190	69.4
2191	69.3
2192	69.3
2193	69
2194	68.9
2195	68.8
2196	68.8
2197	68.7
2198	68.7
2199	68.8
2200	68.9
2201	69
2202	69
2203	69.1
2204	69.1
2205	69.2
2206	69.1
2207	68.9
2208	68.8
2209	68.8
2210	68.7
2211	68.4
2212	68.3
2213	68.1
2214	67.9
2215	67.8
2216	67.8
2217	67.8
2218	67.8
2219	67.9
2220	68
2221	68.1
2222	68.1
2223	68.1
2224	67.9
2225	67.8
2226	67.7
2227	67.5
2228	67.4
2229	67.4
2230	67.2
2231	67
2232	66.8
2233	66.7
2234	66.7
2235	66.6
2236	66.5
2237	66.5
2238	66.5
2239	66.6
2240	66.7
2241	66.8
2242	66.9
2243	67
2244	67
2245	66.8
2246	66.7
2248	66.6
2249	66.6
2250	66.6
2251	66.7
2252	66.7
2253	66.8
2254	66.8
2255	66.7
2256	66.5
2257	66.4
2258	66.4
2259	66.4
2260	66.4
2261	66.3
2262	66.2
2263	66.2
2264	66
2265	66
2266	65.9
2267	65.8
2268	65.7
2269	65.6
2270	65.6
2271	65.5
2272	65.4
2273	65.4
2274	65.4
2275	65.4
2276	65.5
2277	65.5
2278	65.5
2279	65.5
2280	65.5
2281	65.4
2282	65.3
2283	65.2
2284	65
2285	65
2286	65
2287	65
2288	65
2289	64.8
2290	64.7
2291	64.6
2292	64.5
2293	64.3
2294	64.2
2295	64.1
2296	64
2297	64
2298	63.8
2299	63.7
2300	63.5
2301	63.5
2302	63.4
2303	63.4
2304	63.3
2305	63.3
2306	63.2
2307	63.2
2308	63.1
2309	63.1
2310	63.1
2311	63.1
2313	63.2
2314	63.4
2315	63.5
2316	63.6
2317	63.7
2318	63.8
2319	63.8
2320	63.7
2321	63.7
2322	63.5
2323	63.4
2324	63.2
2325	63
2326	62.9
2327	62.7
2328	62.6
2329	62.5
2330	62.4
2331	62.4
2332	62.4
2333	62.4
2334	62.4
2335	62.5
2336	62.5
2337	62.5
2338	62.5
2339	62.5
2340	62.5
2341	62.5
2342	62.3
2343	62.3
2344	62.2
2345	62.1
2346	62
2347	62.1
2348	62
2349	62
2350	62
2351	61.8
2352	61.8
2353	61.9
2354	62
2355	62
2356	62
2357	62.1
2358	62.1
2359	62.1
2360	62.1
2361	62.1
2362	62
2363	62
2364	62
2365	62
2366	61.9
2367	61.9
2368	61.7
2369	61.5
2370	61.3
2371	61.2
2372	61
2373	60.9
2374	60.7
2375	60.6
2376	60.8
2378	60.8
2379	60.8
2380	60.6
2381	60.6
2382	60.5
2383	60.4
2384	60.3
2385	60.2
2386	60.2
2387	60.1
2388	60.1
2389	60.1
2390	60.2
2391	60.2
2392	60.3
2393	60.4
2394	60.5
2395	60.4
2396	60.3
2397	60.2
2398	60.1
2399	60.1
2400	59.9
2401	59.9
2402	59.8
2403	59.8
2404	59.8
2405	59.7
2406	59.6
2407	59.6
2408	59.5
2409	59.4
2410	59.3
2411	59.3
2412	59.3
2413	59.3
2414	59.4
2415	59.4
2416	59.4
2417	59.2
2418	59.1
2419	59.2
2420	59.2
2421	59.2
2422	59.2
2423	59.1
2424	59
2425	58.9
2426	58.8
2427	58.8
2428	58.8
2429	58.7
2430	58.7
2431	58.7
2432	58.6
2433	58.6
2434	58.5
2435	58.5
2436	58.5
2437	58.5
2438	58.4
2439	58.3
2440	58.3
2441	58.2
2443	58.2
2444	58.2
2445	58.2
2446	58
2447	58
2448	58
2449	58.1
2450	58.1
2451	58.1
2452	58.2
2453	58.1
2454	58.1
2455	58
2456	57.8
2457	57.7
2458	57.5
2459	57.5
2460	57.5
2461	57.6
2462	57.6
2463	57.6
2464	57.5
2465	57.5
2466	57.5
2467	57.5
2468	57.5
2469	57.4
2470	57.3
2471	57.1
2472	57
2473	56.9
2474	56.8
2475	56.7
2476	56.6
2477	56.6
2478	56.6
2479	56.6
2480	56.5
2481	56.5
2482	56.5
2483	56.5
2484	56.6
2485	56.6
2486	56.6
2487	56.5
2488	56.5
2489	56.6
2490	56.7
2491	56.8
2492	56.8
2493	56.7
2494	56.7
2495	56.6
2496	56.6
2497	56.4
2498	56.2
2499	56.1
2500	56
2501	55.9
2502	55.9
2503	55.7
2504	55.5
2505	55.3
2506	55.4
2508	54.9
2509	54.4
2510	54
2511	53.6
2512	53.3
2513	53.1
2514	53
2515	53
2516	53.1
2517	53.3
2518	53.6
2519	53.7
2520	53.9
2521	53.9
2522	54
2523	54.2
2524	54.4
2525	54.6
2526	54.8
2527	55.1
2528	55.1
2529	55.2
2530	55.1
2531	55.2
2532	55.3
2533	55.3
2534	55.3
2535	55.4
2536	55.4
2537	55.4
2538	55.4
2539	55.3
2540	55.3
2541	55.3
2542	55.3
2543	55.3
2544	55.3
2545	55.2
2546	55.1
2547	55.1
2548	55.1
2549	55
	
	
	
	
	
	
	
	
	
	
	
	
	
	
	
	
	
	
	
	
	
	
	
	
	
	
	
	
	
	
	
	
	
	
	
	
	
	
	
	
	
	
	
	
	
	
	
	
	
	
	
	
	
	
	
	
	
	
	
	
	
	
	
	
	
	
	
	
	
	
	
	
	
	
	
	
	
	
	
	
	
	
	
	
	
	
	
	
	
	
	
	
	
	
	
	
	
	
	
	
	
	
	
	
	
	
	
	
	
	
	
	
	
	
	
	
	
	
	
	
	
	
	
	
	
	
	
	
	
	
	
	
	
	
	
	
	
	
	
	
	
	
	
	
	
	
	
	
	
	
	
	
	
	
	
	
	
	
	
	
	
	
	
	
	
	
	
	
	
	
	
	
	
	
	
	
	
	
	
	
	
	
	
	
	
	
	
	
	
	
	
	
	
	
	
	
	
	
	
	
	
	
	
	
	
	
	
	
	
	
	
	
	
	
	
	
	
	
	
	
	
	
	
	
	
	
	
	
	
	
	
	
	
	
	
	
	
	
	
	
	
	
	
	
	
	
	
	
	
	
	
	
	
	
	
	
	
	
	
	
	
	
	
	
	
	
	
	
	
	
	
	
	
	
	
	
	
	
	
	
	
	
	
	
	
	
	
	
	
	
	
	
	
	
	
	
	
	
	
	
	
	
	
	
	
	
	
	
	
	
	
	
	
	
	
	
	
	
	
	
	
	
	
	
	
	
	
	
	
	
	
	
	
	
	
	
	
	
	
	
	
	
	
	
	
	
	
	
	
