1	30.5
2	30.4
3	30.4
4	30.5
5	30.5
6	30.5
7	30.5
8	30.5
9	30.5
10	30.5
11	30.5
12	30.5
13	30.5
14	30.5
15	30.5
16	30.6
17	30.6
18	30.6
19	30.6
20	30.6
21	30.6
22	30.7
23	30.7
24	30.7
25	30.7
26	30.7
27	30.8
28	30.8
29	30.9
30	30.9
31	31
32	31
33	31.1
34	31.2
35	31.2
36	31.2
37	31.4
38	31.4
39	31.4
40	31.5
41	31.7
42	31.7
43	31.8
44	31.9
45	32
46	32
47	32.1
48	32.2
49	32.3
50	32.4
51	32.5
52	32.5
53	32.6
54	32.7
55	32.7
56	32.9
57	32.9
58	33
59	33
60	33.1
62	33.1
63	33.3
64	33.4
65	33.5
66	33.6
67	33.6
68	33.8
69	33.8
70	34
71	34
72	34.2
73	34.3
74	34.5
75	34.7
76	34.8
77	34.9
78	35.1
79	35.2
80	35.4
81	35.6
82	35.7
83	35.8
84	36
85	36.2
86	36.3
87	36.5
88	36.6
89	36.7
90	36.9
91	37.1
92	37.2
93	37.4
94	37.6
95	37.7
96	37.9
97	38.1
98	38.3
99	38.4
100	38.6
101	38.8
102	39
103	39.2
104	39.4
105	39.6
106	39.9
107	40.1
108	40.3
109	40.5
110	40.7
111	41
112	41.1
113	41.4
114	41.5
115	41.7
116	41.8
117	42
118	42.2
119	42.4
120	42.6
121	42.8
122	43
123	43.2
124	43.4
126	43.6
127	43.9
128	44.1
129	44.4
130	44.6
131	44.9
132	45.2
133	45.4
134	45.7
135	45.9
136	46.2
137	46.3
138	46.7
139	46.9
140	47.1
141	47.3
142	47.6
143	47.8
144	48
145	48.3
146	48.5
147	48.7
148	48.9
149	49.2
150	49.5
151	49.9
152	50.1
153	50.4
154	50.6
155	50.9
156	51.1
157	51.5
158	51.8
159	51.9
160	52.2
161	52.4
162	52.6
163	52.8
164	53
165	53.2
166	53.4
167	53.7
168	54.1
169	54.3
170	54.6
171	54.9
172	55.1
173	55.4
174	55.6
175	55.9
176	56.1
177	56.3
178	56.5
179	56.8
180	57
181	57.3
182	57.5
183	57.8
184	58.1
185	58.2
186	58.5
187	58.7
188	59.1
189	59.4
191	59.7
192	59.9
193	60.3
194	60.5
195	60.8
196	61
197	61.3
198	61.6
199	61.8
200	62
201	62.2
202	62.5
203	62.8
204	63.1
205	63.4
206	63.7
207	63.9
208	64.3
209	64.6
210	64.9
211	65.3
212	65.5
213	65.9
214	66.1
215	66.5
216	66.8
217	67.2
218	67.4
219	67.7
220	68
221	68.4
222	68.6
223	69
224	69.4
225	69.6
226	69.9
227	70.1
228	70.5
229	70.6
230	71
231	71.2
232	71.6
233	71.8
234	72.1
235	72.5
236	72.7
237	73
238	73.2
239	73.5
240	73.7
241	74
242	74.3
243	74.6
244	74.8
245	75.2
246	75.4
247	75.8
248	76.1
249	76.5
250	76.9
251	77.2
252	77.6
253	77.8
254	78.2
256	78.4
257	78.8
258	79
259	79.4
260	79.8
261	80.2
262	80.6
263	81
264	81.4
265	81.7
266	82.1
267	82.4
268	82.8
269	83.1
270	83.5
271	83.8
272	84.1
273	84.4
274	84.7
275	84.9
276	85.1
277	85.4
278	85.5
279	85.9
280	86.1
281	86.4
282	86.7
283	87
284	87.3
285	87.8
286	88.1
287	88.4
288	88.7
289	89
290	89.4
291	89.6
292	90
293	90.2
294	90.5
295	90.7
296	91.1
297	91.4
298	91.8
299	92.1
300	92.4
301	92.8
302	93.1
303	93.4
304	93.6
305	94
306	94.2
307	94.5
308	94.7
309	95
310	95.2
311	95.6
312	95.9
313	96.2
314	96.6
315	96.8
316	97.2
317	97.5
319	97.9
320	98.2
321	98.6
322	98.9
323	99.3
324	99.5
325	99.9
326	100.3
327	100.5
328	100.8
329	101
330	101.3
331	101.6
332	101.9
333	102.1
334	102.4
335	102.7
336	103.1
337	103.3
338	103.8
339	104.2
340	104.5
341	104.8
342	105.1
343	105.5
344	105.7
345	106.1
346	106.4
347	106.8
348	107
349	107.4
350	107.6
351	108
352	108.4
353	108.8
354	109.2
355	109.4
356	109.8
357	110
358	110.3
359	110.5
360	110.7
361	110.9
362	111.1
363	111.5
364	111.7
365	112.1
366	112.3
367	112.6
368	112.8
369	113
370	113.3
371	113.6
372	113.8
373	114.1
374	114.2
375	114.4
376	114.7
377	114.8
378	114.9
379	115
380	115.2
381	115.4
382	115.7
384	115.9
385	116.1
386	116.3
387	116.7
388	116.9
389	117.2
390	117.6
391	117.9
392	118.4
393	118.8
394	119.4
395	119.7
396	120.1
397	120.4
398	120.8
399	121.1
400	121.6
401	122
402	122.3
403	122.8
404	123
405	123.4
406	123.7
407	124.1
408	124.4
409	124.9
410	125.1
411	125.5
412	125.8
413	126.2
414	126.5
415	126.8
416	127.1
417	127.4
418	127.6
419	127.8
420	128.1
421	128.3
422	128.7
423	129
424	129.3
425	129.6
426	130
427	130.4
428	130.7
429	131.1
430	131.3
431	131.6
432	131.7
433	131.9
434	132
435	132.2
436	132.4
437	132.7
438	132.8
439	133.3
440	133.6
441	134
442	134.4
443	134.8
444	135.2
445	135.4
446	135.7
447	135.9
449	136.3
450	136.6
451	136.9
452	137.1
453	137.5
454	137.8
455	138.4
456	139
457	139.3
458	139.6
459	139.9
460	140.2
461	140.4
462	140.8
463	141.1
464	141.7
465	142.1
466	142.7
467	143.5
468	143.8
469	144.3
470	144.6
471	145.1
472	145.5
473	145.9
474	146.1
475	146.5
476	146.8
477	147.2
478	147.5
479	147.9
480	148.2
481	148.5
482	148.9
483	149.2
484	149.6
485	150
486	150.4
487	150.8
488	151.4
489	151.8
490	152.2
491	152.3
492	152.3
493	152.6
494	152.7
495	153
496	153.1
497	153.4
498	153.7
499	154.4
500	154.8
501	155.2
502	155.6
503	156
504	156.4
505	156.8
506	157.2
507	157.7
508	158.5
509	158.8
510	158.1
511	157.4
512	156.4
514	155.5
515	154.3
516	153.7
517	153.2
518	153
519	152.7
520	152.4
521	152.4
522	152.5
523	152.6
524	152.7
525	152.8
526	153.2
527	153.1
528	153
529	152.8
530	152.8
531	153
532	153.6
533	154
534	154.2
535	154.4
536	154.5
537	154.6
538	154.6
539	155
540	155.3
541	155.9
542	156.1
543	156.3
544	156.3
545	156.1
546	156
547	156.1
548	156.4
549	156.6
550	156.9
551	157
552	157.2
553	157.4
554	157.6
555	157.7
556	157.8
557	158
558	158.1
559	158
560	158.3
561	158.6
562	159.1
563	159.6
564	160
565	160.1
566	160.3
567	160.9
568	161.3
569	161.8
570	162
571	161.9
572	161.8
573	161.9
574	162
575	162.1
576	162.6
577	163.3
579	164.2
580	164.3
581	164
582	163.8
583	163.7
584	163.9
585	163.9
586	163.8
587	163.7
588	163.8
589	163.9
590	164.3
591	164.8
592	165.7
593	166.2
594	166.8
595	167.1
596	167.6
597	167.7
598	167.7
599	167.6
600	167.7
601	168.1
602	168.4
603	168.8
604	169.1
605	169.4
606	169.6
607	169.8
608	170.1
609	170.6
610	170.9
611	171
612	171.3
613	171.6
614	171.4
615	171.2
616	171.2
617	171.4
618	171.6
619	171.8
620	172.2
621	172.8
622	173.2
623	173.2
624	173.1
625	173.3
626	173.3
627	174.1
628	174.5
629	175.3
630	175.8
631	176.3
632	176.1
633	175.5
634	175.4
635	175.3
636	175.7
637	175.8
638	175.6
639	175.7
640	176.2
641	175.9
643	175.7
644	175.9
645	175.5
646	174.9
647	174.6
648	174.5
649	174.9
650	174.6
651	174.5
652	174.5
653	174.6
654	174.3
655	174.3
656	174.1
657	174.3
658	174.6
659	174.7
660	174.9
661	174.8
662	175.1
663	175.6
664	175.4
665	175.1
666	175
667	174.8
668	174.7
669	175.1
670	175.6
671	175.9
672	175.9
673	176.1
674	177.2
675	177.8
676	178
677	177.9
678	177.5
679	177.1
680	176.6
681	176.8
682	176.6
683	176.5
684	175.8
685	175.4
686	175
687	174.7
688	174.7
689	174.8
690	174.7
691	174.6
692	174.5
693	174.5
694	174.4
695	174.3
696	174.3
697	174.3
698	174.4
699	174.3
700	174.2
701	174.1
702	174.2
706	174.5
707	174.6
708	174.7
709	174.7
710	174.8
711	175
712	175.1
713	175.1
714	175
715	175
716	175.1
717	175.2
718	175.4
719	175.6
720	175.5
721	175.3
722	175.3
723	175.1
724	175
725	174.8
726	174.7
727	174.8
728	174.8
729	174.8
730	174.7
732	174.7
733	174.6
734	174.4
735	174
736	174.1
737	174.1
738	173.6
739	173.2
740	172.3
741	171.7
742	171.1
743	170.9
744	170.8
745	170.8
746	171.1
747	171.3
748	171.6
749	171.6
750	171.5
751	171.3
752	171.1
753	170.8
754	170.6
755	170.5
756	170.3
757	170
758	169.8
759	169.7
760	169.6
761	169.3
762	169
763	168.7
764	168.5
765	168.4
766	168
767	167.7
768	167.2
769	167
770	166.9
771	166.8
772	166.7
773	166.5
774	166.4
775	166.5
776	166.4
777	166.6
778	166.8
779	166.9
780	167
781	167.1
782	167.4
783	167.6
784	167.5
785	167.5
786	167.5
787	167.4
788	167.1
789	166.9
790	166.7
791	166.5
792	166.2
793	166
794	166
795	166
797	166.1
798	166.2
799	166.3
800	166.6
801	167
802	166.9
803	166.5
804	166.5
805	166.6
806	166.5
807	166.5
808	166.2
809	166
810	165.7
811	165.6
812	165.5
813	165.4
814	165.5
815	165.5
816	165.7
817	166.1
818	166.3
819	166.6
820	166.8
821	166.8
822	166.8
823	166.8
824	166.7
825	166.8
826	166.8
827	166.7
828	166.6
829	166.7
830	166.3
831	166.2
832	166.3
833	166.2
834	165.8
835	165.5
836	165.3
837	165.2
838	164.9
839	164.9
840	164.7
841	164.5
842	164.5
843	164.2
844	164.1
845	163.9
846	163.9
847	163.8
848	163.7
849	163.6
850	163.6
851	163.6
852	163.6
853	163.2
854	163
855	162.8
856	162.5
857	162.3
858	161.9
859	161.6
860	161.5
862	161.4
863	161.2
864	161.3
865	161.8
866	162.2
867	162.4
868	162.6
869	162.6
870	163.2
871	163.4
872	163.9
873	164.2
874	164.1
875	163.9
876	163.9
877	163.2
878	162
879	161
880	160.6
881	160.2
882	159.9
883	160.3
884	160.4
885	160.5
886	160.4
887	160.2
888	159.9
889	159.7
890	159.6
891	159.6
892	159.6
893	159.5
894	159.3
895	159.2
896	159.2
897	159.6
898	159.9
899	159.7
900	159.7
901	159.9
902	160.1
903	160.1
904	159.6
905	159
906	158.6
907	158.2
908	158.1
909	157.8
910	157.7
911	157.6
912	157.4
913	157
914	156.8
915	156.7
916	156.8
917	157.2
918	157
919	156.8
920	156.9
921	157.2
922	157.3
923	157.4
925	157.5
926	157.1
927	156.1
928	155.4
929	154.6
930	154
931	153.7
932	153.1
933	152.7
934	152.4
935	152.2
936	152
937	152
938	151.7
939	151.6
940	151.7
941	151.8
942	151.7
943	151.6
944	151.4
945	151.4
946	151.5
947	151.7
948	151.9
949	152
950	152
951	152
952	152
953	152.1
954	152.1
955	152.1
956	152
957	152
958	151.9
959	151.9
960	151.8
961	151.7
962	151.6
963	151.4
964	151.3
965	151.3
966	151.1
967	151
968	151
969	150.8
970	150.7
971	150.6
972	150.7
973	150.5
974	150.3
975	150
976	149.9
977	149.9
978	149.9
979	149.9
980	149.9
981	149.7
982	149.4
983	149.2
984	148.8
985	148.5
986	148.2
987	148
988	147.8
990	147.6
991	147.3
992	147.1
993	146.9
994	146.9
995	146.9
996	146.8
997	146.7
998	146.5
999	146.4
1000	146.2
1001	146.2
1002	146.1
1003	146
1004	146
1005	145.9
1006	145.8
1007	145.7
1008	145.6
1009	145.5
1010	145.5
1011	145.3
1012	145.2
1013	144.8
1014	144.5
1015	144
1016	143.8
1017	143.5
1018	143.3
1019	143.4
1020	143.5
1021	143.4
1022	143.2
1023	143
1024	142.7
1025	142.4
1026	142
1027	141.8
1028	141.5
1029	141.3
1030	141
1031	140.8
1032	140.5
1033	140.2
1034	140.1
1035	139.8
1036	139.6
1037	139.5
1038	139.4
1039	139
1040	138.9
1041	138.8
1042	138.8
1043	138.3
1044	138.2
1045	137.9
1046	137.8
1047	137.9
1048	137.7
1049	137.6
1050	137.6
1051	137.5
1053	137.4
1054	137.3
1055	137.2
1056	137.1
1057	136.9
1058	136.9
1059	136.9
1060	136.7
1061	136.8
1062	136.6
1063	136.6
1064	136.6
1065	136.6
1066	136.6
1067	136.4
1068	136.3
1069	136.3
1070	136.4
1071	136.6
1072	136.7
1073	136.7
1074	136.8
1075	136.6
1076	136.2
1077	135.7
1078	135.6
1079	135.6
1080	135.5
1081	135.5
1082	135.6
1083	135.4
1084	135.4
1085	135.3
1086	135.4
1087	135.4
1088	135.2
1089	135
1090	134.8
1091	134.8
1092	134.9
1093	134.9
1094	134.9
1095	135
1096	135
1097	135
1098	135.1
1099	135.2
1100	135.3
1101	135.1
1102	134.9
1103	134.8
1104	134.7
1105	134.7
1106	134.8
1107	134.8
1108	134.8
1109	134.7
1110	134.6
1111	134.4
1112	134.4
1113	134.3
1114	134
1115	133.8
1116	133.6
1118	133.5
1119	133.3
1120	133.3
1121	133.3
1122	133.3
1123	133.3
1124	133.2
1125	133.1
1126	133
1127	132.9
1128	132.6
1129	132.5
1130	132.3
1131	132.1
1132	131.8
1133	131.6
1134	131.4
1135	131.4
1136	131.3
1137	131
1138	130.9
1139	130.7
1140	130.6
1141	130.5
1142	130.3
1143	130
1144	129.8
1145	129.5
1146	129.4
1147	129.3
1148	129.3
1149	129.3
1150	129.2
1151	129.1
1152	128.9
1153	128.9
1154	128.7
1155	128.7
1156	128.3
1157	128.3
1158	128.2
1159	128.1
1160	128.1
1161	128
1162	128
1163	128.1
1164	128.1
1165	128.2
1166	128.1
1167	127.7
1168	127.5
1169	127.3
1170	127.2
1171	127
1172	126.9
1173	126.8
1174	126.6
1175	126.6
1176	126.6
1177	126.6
1178	126.4
1179	126.4
1180	126.1
1181	126
1183	125.8
1184	125.6
1185	125.5
1186	125.4
1187	125
1188	124.8
1189	124.6
1190	124.5
1191	124.5
1192	124.4
1193	124.5
1194	124.4
1195	124.2
1196	123.9
1197	123.8
1198	123.5
1199	123.4
1200	123.1
1201	123.1
1202	123.1
1203	123
1204	122.9
1205	122.7
1206	122.7
1207	122.5
1208	122.4
1209	122.4
1210	122.2
1211	122
1212	122
1213	121.8
1214	121.8
1215	121.7
1216	121.6
1217	121.4
1218	121.3
1219	121.1
1220	121.1
1221	121.1
1222	121.4
1223	121.4
1224	121.5
1225	121.6
1226	121.6
1227	121.7
1228	121.8
1229	121.8
1230	121.7
1231	121.4
1232	121.3
1233	121.1
1234	121.1
1235	121.1
1236	121
1237	120.8
1238	120.7
1239	120.6
1240	120.6
1241	120.5
1242	120.4
1243	120.2
1244	120
1246	120.2
1247	120.4
1248	119.8
1249	118.8
1250	117.8
1251	117.4
1252	117.4
1253	116.9
1254	115.9
1255	115.2
1256	114.5
1257	114.4
1258	114.1
1259	114
1260	114
1261	114.1
1262	114.1
1263	113.9
1264	113.8
1265	114
1266	114
1267	114.3
1268	114.2
1269	114.1
1270	114
1271	113.9
1272	114
1273	114.4
1274	114.6
1275	114.8
1276	114.8
1277	114.8
1278	114.6
1279	114.5
1280	114.4
1281	114.4
1282	114.3
1283	114.2
1284	114.2
1285	114.1
1286	114
1287	114.1
1288	114
1289	113.9
1290	113.9
1291	114.2
1292	114.4
1293	114.4
1294	114.5
1295	114.6
1296	114.6
1297	114.5
1298	114.5
1299	114.5
1300	114.5
1301	114.6
1302	114.5
1303	114.3
1304	114.2
1305	114.1
1306	114
1307	114
1308	113.9
1309	113.9
1311	113.7
1312	113.5
1313	113.2
1314	113.1
1315	112.8
1316	112.7
1317	112.4
1318	112.3
1319	112.2
1320	112
1321	111.9
1322	111.8
1323	111.7
1324	111.6
1325	111.5
1326	111.3
1327	111.2
1328	111.1
1329	111
1330	110.9
1331	110.8
1332	110.9
1333	111.1
1334	111.3
1335	111.2
1336	111.2
1337	111.2
1338	111.2
1339	111.3
1340	111.3
1341	111.6
1342	111.7
1343	111.6
1344	111.4
1345	111.2
1346	111
1347	110.9
1348	110.7
1349	110.4
1350	110.2
1351	110
1352	109.7
1353	109.7
1354	109.6
1355	109.7
1356	109.8
1357	109.9
1358	109.9
1359	109.8
1360	109.7
1361	109.7
1362	109.6
1363	109.5
1364	109.4
1365	109.2
1366	109
1367	108.9
1368	108.8
1369	108.7
1370	108.6
1371	108.6
1372	108.6
1373	108.6
1374	108.4
1376	108.4
1377	108.2
1378	108.2
1379	108.1
1380	108
1381	107.9
1382	107.9
1383	107.9
1384	107.7
1385	107.6
1386	107.5
1387	107.5
1388	107.4
1389	107.3
1390	107.1
1391	107
1392	106.9
1393	106.9
1394	106.7
1395	106.6
1396	106.5
1397	106.3
1398	106.2
1399	106.1
1400	106
1401	106
1402	106
1403	105.9
1404	105.9
1405	105.9
1406	105.9
1407	105.6
1408	105.6
1409	105.6
1410	105.5
1411	105.4
1412	105.4
1413	105.6
1414	105.8
1415	105.6
1416	105.4
1417	105.3
1418	105.2
1419	105.1
1420	104.8
1421	104.5
1422	104.5
1423	104.5
1424	104.6
1425	104.6
1426	104.6
1427	104.4
1428	104.4
1429	104.3
1430	104.3
1431	104.2
1432	104.1
1433	104
1434	103.9
1435	103.9
1436	103.8
1437	103.7
1438	103.6
1439	103.5
1441	103.4
1442	103.3
1443	103.2
1444	103.2
1445	103.3
1446	103.2
1447	103.1
1448	103.1
1449	103
1450	102.9
1451	102.9
1452	102.8
1453	102.6
1454	102.4
1455	102.2
1456	102.1
1457	102
1458	101.9
1459	101.8
1460	101.8
1461	101.9
1462	101.9
1463	101.9
1464	101.9
1465	101.9
1466	101.9
1467	101.9
1468	101.8
1469	101.7
1470	101.6
1471	101.4
1472	101.3
1473	101.2
1474	101
1475	100.9
1476	100.7
1477	100.6
1478	100.5
1479	100.3
1480	100.3
1481	100.2
1482	100.1
1483	100
1484	99.9
1485	99.8
1486	99.7
1487	99.7
1488	99.8
1489	99.7
1490	99.6
1491	99.5
1492	99.6
1493	99.9
1494	100
1495	100.1
1496	100.2
1497	100.4
1498	100.1
1499	100
1500	99.8
1501	99.7
1502	99.7
1503	99.5
1504	99.4
1506	99.3
1507	99.1
1508	98.9
1509	98.6
1510	98.5
1511	98.5
1512	98.6
1513	98.6
1514	98.4
1515	98.4
1516	98.3
1517	98.2
1518	98
1519	97.9
1520	97.7
1521	97.7
1522	97.7
1523	97.6
1524	97.4
1525	97.3
1526	97.2
1527	97.2
1528	97.3
1529	97.3
1530	97.3
1531	97.2
1532	97.2
1533	97
1534	96.9
1535	96.8
1536	96.7
1537	96.5
1538	96.5
1539	96.5
1540	96.5
1541	96.5
1542	96.6
1543	96.6
1544	96.5
1545	96.3
1546	96
1547	95.8
1548	95.6
1549	95.4
1550	95.2
1551	95.1
1552	95.1
1553	94.9
1554	94.8
1555	94.6
1556	94.5
1557	94.5
1558	94.5
1559	94.6
1560	94.6
1561	94.6
1562	94.4
1563	93.7
1564	93.9
1565	94.1
1566	94.4
1567	94.6
1568	94.8
1569	94.5
1571	94.6
1572	94.6
1573	95
1574	95
1575	95
1576	94.7
1577	94.4
1578	94.1
1579	93.9
1580	93.7
1581	93.5
1582	93.4
1583	93.4
1584	93.3
1585	93.3
1586	93.3
1587	93.4
1588	93.7
1589	93.7
1590	93.7
1591	93.8
1592	93.9
1593	93.9
1594	93.9
1595	93.7
1596	93.5
1597	93.2
1598	93.1
1599	93
1600	93.2
1601	92.7
1602	92.2
1603	91.9
1604	91.6
1605	91.5
1606	91.6
1607	91.9
1608	92.2
1609	92.4
1610	92.4
1611	92.6
1612	92.8
1613	92.9
1614	92.4
1615	92.1
1616	91.4
1617	90.8
1618	90.5
1619	90.1
1620	89.7
1621	89.7
1622	89.7
1623	89.8
1624	89.8
1625	89.7
1626	89.6
1627	89.5
1628	89.3
1629	89.2
1630	89.1
1631	89
1632	88.9
1633	88.7
1634	88.7
1636	88.7
1637	88.6
1638	88.6
1639	88.5
1640	88.5
1641	88.5
1642	88.4
1643	88.3
1644	88.2
1645	88.2
1646	88.1
1647	88.1
1648	88.1
1649	88.1
1650	88
1651	88.1
1652	88.1
1653	88.2
1654	88.2
1655	88.2
1656	88.1
1657	88.2
1658	88.3
1659	88.5
1660	88.7
1661	89
1662	89.1
1663	89.2
1664	89.3
1665	89.3
1666	89.3
1667	89.2
1668	89.1
1669	89
1670	88.7
1671	88.4
1672	88
1673	87.8
1674	87.9
1675	87.8
1676	87.4
1677	87.2
1678	87.1
1679	86.9
1680	86.8
1681	86.8
1682	86.8
1683	86.7
1684	86.7
1685	86.8
1686	86.6
1687	86.6
1688	86.5
1689	86.5
1690	86.5
1691	86.7
1692	86.5
1693	86.3
1694	86.2
1695	86.2
1696	86.2
1697	86.1
1698	85.8
1699	85.6
1701	85.4
1702	85.2
1703	85.2
1704	85.3
1705	85.5
1706	85.7
1707	85.8
1708	85.7
1709	85.8
1710	85.8
1711	85.8
1712	85.8
1713	85.9
1714	85.4
1715	85.5
1716	85.6
1717	85.5
1718	84.9
1719	84.5
1720	84.6
1721	84.8
1722	84.9
1723	85
1724	85
1725	85
1726	84.9
1727	84.8
1728	84.6
1729	84.2
1730	84
1731	84
1732	83.9
1733	83.9
1734	83.9
1735	84
1736	83.9
1737	83.8
1738	83.6
1739	83.5
1740	83.4
1741	83.3
1742	83
1743	83.1
1744	83.1
1745	83.1
1746	83.2
1747	83.2
1748	83.2
1749	83.1
1750	83
1751	82.5
1752	82.2
1753	81.8
1754	81.5
1755	81.3
1756	81.1
1757	81.2
1758	81.2
1759	81.1
1760	81.2
1761	81.3
1762	81.3
1764	81.3
1765	81.3
1766	81.3
1767	81.3
1768	81.3
1769	81.1
1770	80.9
1771	80.7
1772	80.6
1773	80.5
1774	80.5
1775	80.4
1776	80.6
1777	80.4
1778	80.3
1779	80.3
1780	80.5
1781	80.6
1782	80.6
1783	80.6
1784	80.8
1785	80.7
1786	80.5
1787	80.3
1788	80.3
1789	80.3
1790	80.4
1791	80.6
1792	80.6
1793	80.6
1794	80.4
1795	80
1796	79.6
1797	79.5
1798	79.2
1799	79.1
1800	78.7
1801	78.5
1802	78.3
1803	78.1
1804	77.8
1805	77.9
1806	77.9
1807	77.9
1808	77.9
1809	77.8
1810	77.7
1811	77.6
1812	77.5
1813	77.4
1814	77.4
1815	77.2
1816	77.1
1817	77.1
1818	77.1
1819	77.1
1820	77.1
1821	77.1
1822	77.1
1823	77.2
1824	77.4
1825	77.2
1826	77.1
1827	77.1
1829	76.9
1830	76.9
1831	76.7
1832	76.7
1833	76.6
1834	76.6
1835	76.7
1836	76.6
1837	76.6
1838	76.6
1839	76.6
1840	76.5
1841	76.4
1842	76.3
1843	76.2
1844	76.1
1845	76.1
1846	76
1847	75.9
1848	75.9
1849	76.1
1850	76.2
1851	76
1852	75.9
1853	75.5
1854	75.4
1855	75.2
1856	75.2
1857	74.9
1858	74.7
1859	74.5
1860	74.5
1861	74.6
1862	74.6
1863	74.5
1864	74.4
1865	74.4
1866	74.5
1867	74.5
1868	74.4
1869	74.3
1870	74.1
1871	74.1
1872	74.1
1873	74.2
1874	74.3
1875	74.3
1876	74.3
1877	74.2
1878	74.1
1879	74.1
1880	73.8
1881	73.8
1882	73.8
1883	73.8
1884	73.6
1885	73.3
1886	73.1
1887	73.1
1888	73.1
1889	73
1890	72.9
1891	72.8
1892	72.7
1894	72.8
1895	72.6
1896	72.6
1897	72.5
1898	72.5
1899	72.4
1900	72.2
1901	72
1902	72.1
1903	72.1
1904	71.9
1905	71.9
1906	71.8
1907	71.8
1908	71.8
1909	71.8
1910	71.6
1911	71.5
1912	71.2
1913	71.1
1914	71.1
1915	71
1916	71
1917	70.9
1918	70.9
1919	70.9
1920	70.9
1921	70.9
1922	70.8
1923	70.8
1924	70.7
1925	70.6
1926	70.7
1927	70.7
1928	70.8
1929	70.8
1930	70.8
1931	70.8
1932	70.8
1933	70.9
1934	70.9
1935	70.8
1936	70.5
1937	70.1
1938	69.7
1939	69.4
1940	69.4
1941	69.5
1942	69.6
1943	69.6
1944	69.8
1945	69.8
1946	69.9
1947	69.9
1948	69.8
1949	69.7
1950	69.8
1951	69.9
1952	69.8
1953	69.8
1954	69.9
1955	70.1
1956	69.4
1957	68.9
1959	68.4
1960	68.1
1961	67.9
1962	68
1963	68
1964	68.2
1965	68
1966	68.1
1967	68.1
1968	68.1
1969	68.1
1970	68.1
1971	68
1972	68
1973	67.9
1974	68
1975	68.2
1976	68.3
1977	68.2
1978	68.1
1979	68
1980	67.9
1981	67.8
1982	67.8
1983	67.8
1984	67.8
1985	67.6
1986	67.5
1987	67.6
1988	67.5
1989	67.4
1990	67.3
1991	67.2
1992	67.1
1993	67.1
1994	67.1
1995	66.8
1996	66.7
1997	66.9
1998	67.2
1999	67.2
2000	67.5
2001	67.7
2002	68
2003	67.8
2004	67.9
2005	67.9
2006	68
2007	67.8
2008	67.7
2009	67.7
2010	67.3
2011	66.7
2012	66.5
2013	66.4
2014	66.3
2015	66.3
2016	66.4
2017	66.7
2018	66.8
2019	66.7
2020	66.6
2021	66.5
2022	66.3
2024	66.1
2025	65.8
2026	65.6
2027	65.4
2028	65.4
2029	65.3
2030	65.2
2031	65
2032	64.6
2033	64.5
2034	64.4
2035	64.2
2036	64.3
2037	64.2
2038	64.1
2039	64
2040	64.1
2041	64.1
2042	64.4
2043	64.6
2044	64.7
2045	64.7
2046	65
2047	65.3
2048	65.4
2049	65.4
2050	65.5
2051	65.6
2052	65.6
2053	65.8
2054	65.9
2055	66
2056	66
2057	65.9
2058	66
2059	66.1
2060	65.9
2061	65.8
2062	65.6
2063	65.5
2064	65.4
2065	65.4
2066	65.2
2067	65.1
2068	64.9
2069	64.9
2070	64.9
2071	64.9
2072	64.9
2073	65.1
2074	65.1
2075	65
2076	64.9
2077	64.8
2078	64.7
2079	64.6
2080	64.6
2081	64.5
2082	64.3
2083	64.2
2084	63.9
2085	63.8
2086	63.7
2087	63.8
2089	63.8
2090	63.8
2091	63.8
2092	63.7
2093	63.5
2094	63.3
2095	63.2
2096	63.1
2097	63.1
2098	63
2099	63
2100	63
2101	63.2
2102	63.4
2103	63.4
2104	63.4
2105	63.4
2106	63.2
2107	63.1
2108	63.1
2109	63.2
2110	63.1
2111	62.9
2112	62.8
2113	62.8
2114	62.7
2115	62.8
2116	62.9
2117	63
2118	63.1
2119	63.2
2120	63.1
2121	63
2122	62.9
2123	62.9
2124	62.7
2125	62.7
2126	62.6
2127	62.5
2128	62.5
2129	62.5
2130	62.6
2131	62.6
2132	62.6
2133	62.5
2134	62.5
2135	62.5
2136	62.6
2137	62.6
2138	62.7
2139	62.7
2140	62.7
2141	62.6
2142	62.4
2143	62.2
2144	62.1
2145	62
2146	61.9
2147	61.8
2148	61.6
2149	61.6
2150	61.5
2151	61.4
2152	61.2
2154	61.1
2155	61.2
2156	61.1
2157	61
2158	60.9
2159	60.9
2160	60.8
2161	60.7
2162	60.6
2163	60.5
2164	60.5
2165	60.4
2166	60.4
2167	60.3
2168	60.3
2169	60.3
2170	60.4
2171	60.4
2172	60.5
2173	60.5
2174	60.5
2175	60.6
2176	60.6
2177	60.7
2178	60.7
2179	60.6
2180	60.5
2181	60.5
2182	60.5
2183	60.7
2184	60.7
2185	60.7
2186	60.6
2187	60.6
2188	60.7
2189	60.8
2190	60.9
2191	60.8
2192	60.6
2193	60.5
2194	60.2
2195	60.1
2196	60
2197	59.9
2198	59.7
2199	59.6
2200	59.6
2201	59.6
2202	59.5
2203	59.4
2204	59.3
2205	59.1
2206	59.1
2207	58.9
2208	58.9
2209	59
2210	58.9
2211	58.9
2212	58.8
2213	58.9
2214	58.8
2215	58.8
2216	58.8
2217	58.8
2219	58.4
2220	58.3
2221	58.4
2222	58.3
2223	58.3
2224	58.2
2225	58.2
2226	58.1
2227	58.2
2228	58.5
2229	58.5
2230	58.2
2231	58.1
2232	58
2233	58
2234	58.2
2235	58.4
2236	58.7
2237	58.7
	
	
	
	
	
	
	
	
	
	
	
	
	
	
	
	
	
	
	
	
	
	
	
	
	
	
	
	
	
	
	
	
	
	
	
	
	
	
	
	
	
	
	
	
	
	
	
	
	
	
	
	
	
	
	
	
	
	
	
	
	
	
	
	
	
	
	
	
	
	
	
	
	
	
	
	
	
	
	
	
	
	
	
	
	
	
	
	
	
	
	
	
	
	
	
	
	
	
	
	
	
	
	
	
	
	
	
	
	
	
	
	
	
	
	
	
	
	
	
	
	
	
	
	
	
	
	
	
	
	
	
	
	
	
	
	
	
	
	
	
	
	
	
	
	
	
	
	
	
	
	
	
	
	
	
	
	
	
	
	
	
	
	
	
	
	
	
	
	
	
	
	
	
	
	
	
	
	
	
	
	
	
	
	
	
	
	
	
	
	
	
	
