1	30.8
2	30.9
3	30.9
4	30.9
5	30.8
6	30.8
7	30.8
8	30.8
9	30.8
10	30.8
11	30.8
12	30.9
13	30.8
14	30.8
15	30.8
16	30.8
17	30.8
18	30.8
19	30.9
20	30.8
21	30.8
22	30.8
23	30.8
24	30.8
25	30.8
26	30.8
27	30.8
28	30.8
29	30.8
30	30.9
31	30.9
32	30.9
33	30.9
34	31
35	31.1
36	31.1
37	31.1
38	31.2
39	31.2
40	31.2
41	31.3
42	31.3
43	31.4
44	31.4
45	31.5
46	31.6
47	31.6
48	31.7
49	31.7
50	31.8
51	31.9
52	32
53	32
54	32.1
55	32.1
56	32.2
57	32.2
58	32.3
59	32.3
60	32.4
61	32.4
62	32.5
64	32.5
65	32.6
66	32.7
67	32.7
68	32.8
69	32.9
70	33
71	33.1
72	33.2
73	33.3
74	33.4
75	33.5
76	33.6
77	33.6
78	33.7
79	33.8
80	33.9
81	34.1
82	34.2
83	34.4
84	34.5
85	34.6
86	34.7
87	34.8
88	35
89	35.1
90	35.2
91	35.3
92	35.5
93	35.6
94	35.7
95	35.9
96	36
97	36.1
98	36.3
99	36.5
100	36.5
101	36.8
102	36.9
103	37.2
104	37.3
105	37.5
106	37.6
107	37.8
108	37.9
109	38.2
110	38.4
111	38.6
112	38.8
113	38.9
114	39
115	39.2
116	39.4
117	39.4
118	39.7
119	39.8
120	40
121	40.1
122	40.3
123	40.4
124	40.6
125	40.8
126	40.9
127	41.2
129	41.4
130	41.6
131	41.7
132	41.9
133	42.1
134	42.3
135	42.4
136	42.5
137	42.7
138	42.8
139	43.1
140	43.2
141	43.4
142	43.6
143	43.8
144	43.9
145	44.1
146	44.3
147	44.5
148	44.7
149	44.9
150	45.1
151	45.3
152	45.6
153	45.7
154	45.9
155	46.1
156	46.3
157	46.4
158	46.7
159	46.9
160	47.1
161	47.3
162	47.6
163	47.8
164	48
165	48.2
166	48.3
167	48.6
168	48.7
169	48.8
170	49
171	49.2
172	49.4
173	49.5
174	49.7
175	49.8
176	49.9
177	50.1
178	50.3
179	50.5
180	50.7
181	50.8
182	51.1
183	51.2
184	51.5
185	51.7
186	52
187	52.2
188	52.5
189	52.6
190	53
191	53.2
192	53.5
194	53.7
195	54
196	54.3
197	54.5
198	54.8
199	55
200	55.3
201	55.5
202	55.8
203	56
204	56.2
205	56.5
206	56.7
207	57
208	57.2
209	57.4
210	57.6
211	57.8
212	58
213	58.2
214	58.4
215	58.6
216	58.7
217	59
218	59.2
219	59.3
220	59.5
221	59.7
222	60
223	60.2
224	60.5
225	60.6
226	60.9
227	61.2
228	61.6
229	62
230	62.2
231	62.7
232	62.9
233	63.3
234	63.6
235	63.9
236	64.1
237	64.5
238	64.6
239	64.9
240	65.1
241	65.4
242	65.5
243	65.7
244	65.9
245	66.1
246	66.3
247	66.5
248	66.8
249	67.1
250	67.4
251	67.6
252	67.9
253	68.1
254	68.4
255	68.6
256	68.8
257	69
259	69.2
260	69.4
261	69.6
262	69.7
263	69.9
264	70.1
265	70.2
266	70.5
267	70.8
268	71.1
269	71.4
270	71.6
271	71.9
272	72.1
273	72.4
274	72.6
275	73
276	73.1
277	73.5
278	73.7
279	74
280	74.2
281	74.5
282	74.9
283	75.2
284	75.5
285	75.8
286	76.2
287	76.4
288	76.8
289	77
290	77.4
291	77.7
292	78.1
293	78.4
294	78.7
295	79
296	79.2
297	79.5
298	79.7
299	80
300	80.1
301	80.4
302	80.6
303	80.8
304	81
305	81.4
306	81.6
307	82
308	82.3
309	82.4
310	82.9
311	83.2
312	83.9
313	84.3
314	84.9
315	85.3
316	85.7
317	85.8
318	86.1
319	86.4
320	86.6
321	86.9
322	87.1
324	87.3
325	87.5
326	87.8
327	88
328	88.2
329	88.4
330	88.7
331	88.9
332	89.2
333	89.4
334	89.7
335	89.9
336	90.2
337	90.5
338	90.7
339	91
340	91.2
341	91.5
342	91.8
343	92.1
344	92.3
345	92.6
346	92.9
347	93.2
348	93.6
349	93.9
350	94.4
351	94.8
352	95.3
353	95.6
354	96
355	96.3
356	96.7
357	96.9
358	97.3
359	97.7
360	98
361	98.3
362	98.5
363	98.9
364	99
365	99.3
366	99.5
367	99.7
368	99.9
369	100.1
370	100.3
371	100.5
372	100.8
373	101
374	101.3
375	101.6
376	101.8
377	102.1
378	102.4
379	102.7
380	103
381	103.1
382	103.5
383	103.7
384	104
385	104.4
386	104.6
387	104.9
389	105.2
390	105.6
391	105.8
392	106.2
393	106.4
394	106.7
395	107
396	107.4
397	107.6
398	108
399	108.3
400	108.6
401	108.9
402	109.2
403	109.6
404	109.9
405	110.3
406	110.5
407	110.8
408	111
409	111.2
410	111.3
411	111.6
412	111.9
413	112
414	112.3
415	112.5
416	112.8
417	113
418	113.3
419	113.5
420	113.7
421	113.9
422	114.1
423	114.3
424	114.5
425	114.8
426	114.9
427	115.2
428	115.5
429	115.8
430	116
431	116.3
432	116.5
433	116.9
434	117.1
435	117.4
436	117.7
437	118.1
438	118.5
439	118.7
440	119.1
441	119.3
442	119.6
443	119.9
444	120.3
445	120.5
446	120.9
447	121.1
448	121.5
449	121.7
450	122.1
451	122.3
452	122.5
454	122.8
455	123
456	123.3
457	123.5
458	123.8
459	124
460	124.3
461	124.5
462	124.9
463	125.1
464	125.5
465	125.8
466	126
467	126.2
468	126.4
469	126.5
470	126.7
471	126.9
472	127
473	127.2
474	127.3
475	127.5
476	127.8
477	127.9
478	128.2
479	128.4
480	128.7
481	128.8
482	129.1
483	129.4
484	129.7
485	130
486	130.4
487	130.7
488	131.1
489	131.6
490	131.9
491	132.3
492	132.6
493	133.1
494	133.4
495	133.9
496	134.2
497	134.7
498	135
499	135.5
500	135.7
501	136.1
502	136.4
503	136.7
504	137.1
505	137.3
506	137.6
507	137.8
508	138.1
509	138.3
510	138.6
511	138.8
512	139.1
513	139.3
514	139.8
515	140.3
516	140.6
517	141.1
519	141.4
520	141.9
521	142.1
522	142.6
523	142.9
524	143.3
525	143.5
526	144
527	144.2
528	144.6
529	145
530	145.3
531	145.7
532	146
533	146.4
534	146.7
535	147.1
536	147.4
537	147.8
538	148.1
539	148.5
540	148.8
541	149.3
542	149.8
543	150.1
544	150.6
545	150.9
546	151.4
547	151.8
548	152.2
549	152.5
550	153.1
551	153.4
552	154
553	154.4
554	155
555	155.5
556	155.8
557	156.2
558	156.5
559	156.9
560	157.2
561	157.7
562	158
563	158.5
564	158.9
565	159.5
566	160
567	160.6
568	161.1
569	161.4
570	162
571	162.6
572	158.1
573	160.3
574	161.4
575	161.6
576	161.3
577	160.6
578	159.1
579	158.3
580	157.6
581	157.3
582	157.3
584	157.7
585	158
586	158.6
587	159.1
588	159.8
589	160.2
590	160.8
591	161.2
592	161.8
593	162.4
594	162.7
595	163
596	163.2
597	163.2
598	163.1
599	162.6
600	162.2
601	161.7
602	161.4
603	161.2
604	161
605	160.9
606	160.8
607	160.9
608	161.1
609	161.5
610	162
611	162.2
612	162.2
613	162.2
614	162.5
615	162.8
616	163.2
617	163.4
618	163.8
619	164.2
620	164.5
621	164.9
622	165.3
623	165.8
624	166
625	166.5
626	166.7
627	167.2
628	167.4
629	167.7
630	167.9
631	168
632	168.2
633	168.2
634	168.5
635	168.5
636	168.7
637	168.8
638	168.8
639	169.1
640	169.4
641	169.6
642	169.5
643	169.5
644	169.5
645	169.7
646	169.9
647	169.9
649	170
650	170.3
651	170.6
652	170.9
653	171.3
654	171.9
655	172.1
656	172.5
657	172.7
658	173.1
659	173.5
660	173.8
661	174.3
662	174.7
663	175.3
664	175.8
665	176.4
666	176.7
667	177.3
668	177.7
669	178.2
670	178.4
671	178.6
672	178.8
673	178.9
674	179.3
675	179.7
676	180.2
677	180.3
678	180.3
679	180.4
680	180.4
681	180.3
682	180.3
683	180.4
684	180.6
685	180.9
686	181.2
687	181.8
688	182.2
689	182.8
690	183.1
691	183.5
692	183.6
693	184
694	184.3
695	184.9
696	185.2
697	185.3
698	185.4
699	185.4
700	185.6
701	185.9
702	186.2
703	186.5
704	186.9
705	187.1
706	187.6
707	187.9
708	188.1
709	188.3
710	188.7
711	188.9
712	189.3
714	189.8
715	190.2
716	190.7
717	191.1
718	191.8
719	192.4
720	192.9
721	193.3
722	193.7
723	194
724	194.5
725	195
726	195.3
727	195.7
728	196
729	196.5
730	196.8
731	197.2
732	197.6
733	198.2
734	198.5
735	199.1
736	199.8
737	200.3
738	201.2
739	201.9
740	202.8
741	203.5
742	204.5
743	205.2
744	206.2
745	207
746	208.2
747	208.9
748	210
749	211.1
750	211.9
751	213.2
752	214.3
753	216.2
754	217.8
755	220.1
756	222.1
757	226.5
758	231.1
759	241.8
760	254.1
761	279.3
762	307.2
763	324.5
764	346.3
765	357.6
766	371
767	377.9
768	386.5
769	390.4
770	394.6
771	396.7
772	399.1
773	400.5
774	402.2
775	403.6
776	404.4
777	405.3
779	405.8
780	406.3
781	406.4
782	406.4
783	406.4
784	406.2
785	406.1
786	405.8
787	405.6
788	405.3
789	404.9
790	404.6
791	404
792	403.5
793	402.7
794	402
795	401.2
796	400.7
797	399.9
798	399.4
799	399
800	398.8
801	398.3
802	397.8
803	397.2
804	395.9
805	395.1
806	394.1
807	393.5
808	392.8
809	392.5
810	392
811	391.7
812	391.1
813	390.8
814	390.2
815	389.4
816	388.7
817	387.6
818	387
819	386.1
820	385.5
821	384.7
822	384.3
823	383.5
824	382.8
825	381.8
826	380.9
827	380.4
828	379.6
829	378.9
830	378.1
831	377.6
832	376.7
833	376.2
834	375.4
835	374.9
836	374.1
837	373.6
838	372.5
839	371.8
840	371
841	370
842	369.5
844	368.6
845	368
846	367.2
847	366.8
848	366
849	365.5
850	364.8
851	364.3
852	363.7
853	363.4
854	362.8
855	362.1
856	361.4
857	359.8
858	358.6
859	357.1
860	356.3
861	355.2
862	354.6
863	354.4
864	354.3
865	353.7
866	353
867	352.4
868	351.5
869	350.8
870	349.9
871	349.3
872	348.9
873	347.8
874	346.5
875	345.7
876	344.7
877	344.1
878	343.1
879	342.2
880	341.5
881	341.3
882	341.4
883	341.2
884	340.9
885	340.3
886	339.9
887	339.2
888	338.7
889	337.9
890	337.4
891	336.7
892	335.8
893	335.3
894	334.6
895	334.1
896	333.2
897	332.6
898	331.5
899	330.7
900	329.5
901	328.7
902	327.5
903	326.7
904	325.7
905	324.8
906	324.1
907	323.2
909	322.7
910	321.9
911	321.5
912	320.9
913	320.5
914	320
915	319.7
916	319.3
917	318.9
918	318.3
919	317.7
920	317.2
921	316.4
922	315.8
923	315
924	314.5
925	313.7
926	313.3
927	312.7
928	312.4
929	311.9
930	311.6
931	311.3
932	310.5
933	309.8
934	309
935	308.6
936	308
937	307.6
938	306.8
939	306.5
940	305.9
941	305.5
942	304.8
943	304.3
944	303.4
945	302.2
946	301.4
947	300.4
948	300
949	299.4
950	298.6
951	298.7
952	299.1
953	299.1
954	298.9
955	298.5
956	297.9
957	296.4
958	295.3
959	294.7
960	293.7
961	293.1
962	292.3
963	291.3
964	290.3
965	290.1
966	289.7
967	289.5
968	288.8
969	288.8
970	288.9
971	288.6
972	287.9
974	286.7
975	285.8
976	284.2
977	283.4
978	284
979	284.3
980	284.6
981	284
982	283
983	282.2
984	281.8
985	280.9
986	280.4
987	279.6
988	279.1
989	278.7
990	278.3
991	277.4
992	276.9
993	276.1
994	275.7
995	275
996	274.6
997	274.2
998	273.3
999	272.6
1000	271.8
1001	271.3
1002	270.8
1003	270.5
1004	270
1005	269.7
1006	269.5
1007	269.3
1008	268.9
1009	268.4
1010	268.1
1011	267.6
1012	267.3
1013	266.8
1014	266.5
1015	266.2
1016	266
1017	265.5
1018	265.3
1019	264.8
1020	264.4
1021	264
1022	263.5
1023	263.2
1024	262.8
1025	262.3
1026	261.8
1027	261.2
1028	260.4
1029	260
1030	259.6
1031	259.4
1032	259.1
1033	258.9
1034	258.2
1035	257.6
1036	257.5
1037	257
1039	256.7
1040	256.3
1041	255.7
1042	255
1043	254.8
1044	254.2
1045	253.9
1046	253.4
1047	253.2
1048	253.2
1049	253
1050	252.8
1051	252.2
1052	251.9
1053	251.5
1054	251.1
1055	250
1056	249.5
1057	248.9
1058	248.5
1059	248
1060	247.6
1061	247.1
1062	246.6
1063	246.3
1064	245.8
1065	245.4
1066	244.6
1067	244.3
1068	243.7
1069	243.4
1070	243.2
1071	243
1072	242.7
1073	242.5
1074	242.3
1075	242.1
1076	241.8
1077	241.4
1078	241.2
1079	240.7
1080	240.2
1081	239.6
1082	239.3
1083	238.7
1084	238.4
1085	238.1
1086	237.7
1087	237.4
1088	236.9
1089	236.6
1090	236.1
1091	235.9
1092	235.6
1093	235.4
1094	235.1
1095	235
1096	234.7
1097	234.3
1098	233.9
1099	233.6
1100	233.1
1101	232.4
1102	231.9
1104	231.2
1105	231
1106	230.6
1107	230.2
1108	229.7
1109	229.3
1110	228.8
1111	228.5
1112	228.2
1113	228
1114	227.7
1115	227.5
1116	227.3
1117	227.2
1118	227.1
1119	226.7
1120	226.5
1121	226.1
1122	225.8
1123	225.5
1124	225.3
1125	225
1126	224.8
1127	224.5
1128	224.3
1129	224.2
1130	223.7
1131	223.3
1132	222.6
1133	222.2
1134	221.6
1135	221.3
1136	220.9
1137	220.6
1138	220.1
1139	219.7
1140	219.5
1141	218.9
1142	218.5
1143	218
1144	217.6
1145	217.1
1146	217.1
1147	216.6
1148	215.9
1149	215.3
1150	215
1151	214.5
1152	214
1153	213.7
1154	213.4
1155	213.1
1156	212.8
1157	212.6
1158	212.3
1159	212
1160	211.6
1161	211.4
1162	211
1163	210.8
1164	210.4
1165	210.1
1166	209.9
1167	209.6
1169	209.4
1170	209.2
1171	209
1172	208.7
1173	208.5
1174	208.2
1175	208
1176	207.9
1177	208.1
1178	208.1
1179	207.8
1180	207.5
1181	207.1
1182	206.8
1183	206.3
1184	206.1
1185	205.8
1186	205.6
1187	205.3
1188	205.3
1189	205.2
1190	205.1
1191	204.9
1192	204.6
1193	204.4
1194	204.1
1195	203.9
1196	203.5
1197	203.2
1198	202.8
1199	202.5
1200	202
1201	201.7
1202	201.3
1203	201.1
1204	200.9
1205	200.4
1206	200
1207	199.5
1208	199.2
1209	199
1210	198.9
1211	198.8
1212	198.7
1213	198.5
1214	198.3
1215	197.9
1216	197.6
1217	197.3
1218	197
1219	196.6
1220	196.3
1221	196.1
1222	195.8
1223	195.5
1224	195.3
1225	195.1
1226	195.1
1227	194.9
1228	194.8
1229	194.5
1230	194.4
1231	194.3
1232	194.2
1234	194
1235	193.9
1236	193.6
1237	193.4
1238	193
1239	192.8
1240	192.5
1241	192.2
1242	191.8
1243	191.5
1244	191.2
1245	190.8
1246	190.6
1247	190.4
1248	190.1
1249	189.8
1250	189.5
1251	189.1
1252	188.7
1253	188.3
1254	188
1255	187.7
1256	187.5
1257	187
1258	186.7
1259	186.5
1260	186.2
1261	186
1262	185.7
1263	185.6
1264	185.4
1265	185.2
1266	185
1267	184.9
1268	184.7
1269	184.5
1270	184.3
1271	184.1
1272	184
1273	183.7
1274	183.4
1275	182.9
1276	182.6
1277	182.2
1278	181.9
1279	181.5
1280	181.2
1281	180.9
1282	180.6
1283	180.5
1284	180.4
1285	180.3
1286	180
1287	179.7
1288	179.4
1289	179.1
1290	178.7
1291	178.5
1292	178.1
1293	177.9
1294	177.6
1295	177.3
1296	177.1
1297	176.8
1299	176.6
1300	176.3
1301	176.1
1302	175.8
1303	175.6
1304	175.3
1305	175.1
1306	174.9
1307	174.6
1308	174.4
1309	174.1
1310	173.9
1311	173.7
1312	173.7
1313	173.5
1314	173.4
1315	173.2
1316	173.1
1317	172.8
1318	172.7
1319	172.3
1320	172.1
1321	171.8
1322	171.5
1323	171.2
1324	170.9
1325	170.6
1326	170.3
1327	170.2
1328	170.1
1329	169.8
1330	169.6
1331	169.4
1332	169.2
1333	169.1
1334	168.9
1335	168.7
1336	168.5
1337	168.3
1338	168.1
1339	168
1340	167.8
1341	167.6
1342	167.6
1343	167.5
1344	167.3
1345	166.9
1346	166.7
1347	166.7
1348	166.6
1349	166.6
1350	166.5
1351	166.4
1352	166.2
1353	166
1354	165.8
1355	165.7
1356	165.4
1357	165.3
1358	165.1
1359	164.9
1360	164.6
1361	164.3
1362	164.2
1364	163.9
1365	163.7
1366	163.5
1367	163.3
1368	163.1
1369	162.9
1370	162.7
1371	162.5
1372	162.1
1373	161.8
1374	161.5
1375	161.2
1376	161
1377	160.6
1378	160.3
1379	160
1380	159.8
1381	159.5
1382	159.2
1383	159
1384	158.8
1385	158.5
1386	158.4
1387	158.3
1388	158.2
1389	158
1390	158
1391	158
1392	157.9
1393	157.8
1394	157.7
1395	157.5
1396	157.3
1397	157.1
1398	156.8
1399	156.6
1400	156.4
1401	156.1
1402	155.9
1403	155.7
1404	155.6
1405	155.3
1406	155.2
1407	154.8
1408	154.6
1409	154.4
1410	154.2
1411	154
1412	153.7
1413	153.4
1414	153
1415	152.9
1416	152.7
1417	152.6
1418	152.3
1419	152.1
1420	151.9
1421	151.8
1422	151.6
1423	151.5
1424	151.3
1425	151.2
1426	151.1
1427	150.9
1429	150.8
1430	150.7
1431	150.6
1432	150.4
1433	150.3
1434	150.2
1435	150
1436	149.8
1437	149.7
1438	149.5
1439	149.3
1440	149.1
1441	148.9
1442	148.8
1443	148.7
1444	148.6
1445	148.4
1446	148.3
1447	148.1
1448	148
1449	147.9
1450	147.7
1451	147.6
1452	147.4
1453	147.4
1454	147.3
1455	147.1
1456	146.9
1457	146.7
1458	146.5
1459	146.3
1460	146
1461	145.8
1462	145.6
1463	145.4
1464	145.2
1465	145.1
1466	145
1467	144.8
1468	144.8
1469	144.7
1470	144.5
1471	144.2
1472	143.9
1473	143.5
1474	143.4
1475	143.2
1476	143
1477	142.8
1478	142.5
1479	142.3
1480	142
1481	141.8
1482	141.6
1483	141.5
1484	141.2
1485	141
1486	140.8
1487	140.7
1488	140.5
1489	140.4
1490	140.2
1491	140.1
1492	140
1494	139.9
1495	139.8
1496	139.7
1497	139.7
1498	139.7
1499	139.6
1500	139.5
1501	139.3
1502	139
1503	138.7
1504	138.4
1505	138.2
1506	138
1507	137.8
1508	137.6
1509	137.5
1510	137.3
1511	137.2
1512	137.2
1513	137.2
1514	137.2
1515	137.1
1516	137
1517	136.9
1518	136.8
1519	136.6
1520	136.5
1521	136.4
1522	136.3
1523	136.2
1524	136
1525	135.9
1526	135.7
1527	135.6
1528	135.4
1529	135.2
1530	135
1531	134.8
1532	134.7
1533	134.5
1534	134.3
1535	134.1
1536	134
1537	134
1538	133.8
1539	133.5
1540	133.4
1541	133.1
1542	132.9
1543	132.8
1544	132.7
1545	132.6
1546	132.4
1547	132.3
1548	132.1
1549	131.9
1550	131.8
1551	131.7
1552	131.5
1553	131.5
1554	131.4
1555	131.4
1556	131.4
1558	131.3
1559	131.1
1560	130.8
1561	130.6
1562	130.3
1563	130.2
1564	129.9
1565	129.8
1566	129.6
1567	129.4
1568	129.3
1569	129.1
1570	129
1571	128.8
1572	128.7
1573	128.6
1574	128.5
1575	128.4
1576	128.4
1577	128.4
1578	128.4
1579	128.3
1580	128.3
1581	128.2
1582	128.1
1583	128
1584	128
1585	127.9
1586	127.8
1587	127.7
1588	127.6
1589	127.5
1590	127.1
1591	126.9
1592	126.6
1593	126.3
1594	126.1
1595	126
1596	125.9
1597	125.8
1598	125.7
1599	125.7
1600	125.6
1601	125.5
1602	125.4
1603	125.3
1604	125.2
1605	125
1606	124.7
1607	124.5
1608	124.2
1609	124.1
1610	124
1611	123.9
1612	123.8
1613	123.7
1614	123.5
1615	123.5
1616	123.3
1617	123.2
1618	123.1
1619	123
1620	123
1621	122.8
1623	122.6
1624	122.4
1625	122.3
1626	122.3
1627	122.3
1628	122.3
1629	122.3
1630	122.2
1631	122
1632	121.9
1633	121.7
1634	121.6
1635	121.4
1636	121.3
1637	121.1
1638	121
1639	120.9
1640	120.7
1641	120.6
1642	120.5
1643	120.3
1644	120.2
1645	120
1646	119.8
1647	119.7
1648	119.5
1649	119.3
1650	119.1
1651	118.9
1652	118.6
1653	118.5
1654	118.3
1655	118.2
1656	118
1657	118
1658	117.9
1659	117.7
1660	117.6
1661	117.4
1662	117.3
1663	117.1
1664	117
1665	116.8
1666	116.7
1667	116.7
1668	116.6
1669	116.5
1670	116.5
1671	116.4
1672	116.2
1673	116.2
1674	116.1
1675	116
1676	115.9
1677	115.8
1678	115.6
1679	115.5
1680	115.4
1681	115.3
1682	115.1
1683	115
1684	114.9
1685	114.8
1686	114.7
1688	114.6
1689	114.5
1690	114.4
1691	114.3
1692	114.2
1693	114.1
1694	113.9
1695	113.9
1696	113.8
1697	113.6
1698	113.6
1699	113.5
1700	113.6
1701	113.6
1702	113.6
1703	113.3
1704	113.2
1705	113
1706	112.8
1707	112.6
1708	112.5
1709	112.4
1710	112.2
1711	112.1
1712	111.9
1713	111.8
1714	111.6
1715	111.5
1716	111.4
1717	111.3
1718	111.1
1719	111
1720	110.9
1721	110.8
1722	110.7
1723	110.7
1724	110.7
1725	110.7
1726	110.7
1727	110.7
1728	110.7
1729	110.7
1730	110.7
1731	110.7
1732	110.7
1733	110.6
1734	110.6
1735	110.5
1736	110.4
1737	110.3
1738	110.1
1739	110
1740	109.8
1741	109.6
1742	109.4
1743	109.2
1744	109
1745	108.9
1746	108.7
1747	108.6
1748	108.5
1749	108.4
1750	108.3
1751	108.3
1753	108.2
1754	108.2
1755	108.1
1756	108.1
1757	108
1758	107.8
1759	107.7
1760	107.5
1761	107.4
1762	107.2
1763	107.1
1764	107
1765	106.8
1766	106.7
1767	106.5
1768	106.4
1769	106.3
1770	106.2
1771	106
1772	105.9
1773	105.7
1774	105.6
1775	105.4
1776	105.2
1777	105.1
1778	104.9
1779	104.9
1780	104.8
1781	104.6
1782	104.5
1783	104.5
1784	104.4
1785	104.3
1786	104.2
1787	104.1
1788	104.1
1789	104.1
1790	104.1
1791	104.1
1792	104.2
1793	104.1
1794	104
1795	103.9
1796	103.9
1797	103.8
1798	103.8
1799	103.6
1800	103.5
1801	103.5
1802	103.5
1803	103.4
1804	103.4
1805	103.3
1806	103.2
1807	103.1
1808	103
1809	102.9
1810	102.7
1811	102.7
1812	102.5
1813	102.4
1814	102.3
1815	102.1
1816	102
1818	101.8
1819	101.7
1820	101.5
1821	101.4
1822	101.2
1823	101.2
1824	101
1825	100.9
1826	100.8
1827	100.6
1828	100.6
1829	100.5
1830	100.4
1831	100.4
1832	100.3
1833	100.2
1834	100.2
1835	100.1
1836	100.2
1837	100.3
1838	100.3
1839	100.3
1840	100.3
1841	100.2
1842	100.1
1843	99.9
1844	99.8
1845	99.7
1846	99.5
1847	99.4
1848	99.2
1849	99.1
1850	98.9
1851	98.8
1852	98.6
1853	98.5
1854	98.4
1855	98.3
1856	98.2
1857	98.1
1858	98
1859	97.9
1860	97.8
1861	97.7
1862	97.6
1863	97.5
1864	97.4
1865	97.3
1866	97.2
1867	97.2
1868	97.1
1869	97.1
1870	97
1871	97
1872	96.9
1873	96.9
1874	96.9
1875	96.9
1876	97
1877	97
1878	97
1879	96.9
1881	96.7
1882	96.6
1883	96.4
1884	96.3
1885	96.2
1886	96.2
1887	96.2
1888	96.2
1889	96.2
1890	96.1
1891	95.9
1892	95.8
1893	95.6
1894	95.5
1895	95.3
1896	95.3
1897	95.1
1898	95.1
1899	95
1900	94.9
1901	94.8
1902	94.8
1903	94.7
1904	94.7
1905	94.7
1906	94.6
1907	94.5
1908	94.4
1909	94.4
1910	94.3
1911	94.1
1912	93.9
1913	93.8
1914	93.7
1915	93.7
1916	93.5
1917	93.5
1918	93.4
1919	93.4
1920	93.4
1921	93.5
1922	93.4
1923	93.4
1924	93.3
1925	93.2
1926	93.1
1927	93.1
1928	93
1929	93
1930	92.6
1931	92.4
1932	92.2
1933	92.1
1934	92
1935	91.9
1936	91.8
1937	91.7
1938	91.6
1939	91.5
1940	91.5
1941	91.6
1942	91.7
1943	91.7
1944	91.8
1946	91.9
1947	92
1948	91.9
1949	91.9
1950	92
1951	92
1952	92
1953	91.9
1954	91.6
1955	91.1
1956	91
1957	90.6
1958	90.3
1959	90.2
1960	89.9
1961	89.5
1962	89.3
1963	88.9
1964	88.9
1965	88.9
1966	88.9
1967	88.8
1968	88.9
1969	89.1
1970	89.1
1971	89.1
1972	89.3
1973	89.3
1974	89.5
1975	89.6
1976	89.3
1977	89
1978	88.8
1979	88.6
1980	88.6
1981	88.6
1982	88.4
1983	88.2
1984	88.1
1985	87.9
1986	87.9
1987	87.9
1988	87.7
1989	87.7
1990	87.8
1991	87.8
1992	87.7
1993	87.6
1994	87.5
1995	87.3
1996	87.1
1997	87
1998	86.6
1999	86.4
2000	85.9
2001	85.8
2002	85.3
2003	85.2
2004	84.8
2005	84.7
2006	84.5
2007	84.4
2008	84.4
2010	84.5
2011	84.6
2012	84.7
2013	84.8
2014	84.9
2015	85
2016	85.1
2017	85.1
2018	85
2019	84.9
2020	84.8
2021	84.6
2022	84.4
2023	84
2024	83.8
2025	83.5
2026	83.4
2027	83.3
2028	83.3
2029	83.1
2030	82.9
2031	82.6
2032	82.4
2033	82.2
2034	82.3
2035	82.4
2036	82.7
2037	82.7
2038	82.8
2039	83
2040	83.4
2041	83.6
2042	83.8
2043	84
2044	84
2045	84
2046	83.7
2047	83.4
2048	83.2
2049	82.9
2050	82.7
2051	82.5
2052	82.6
2053	82.6
2054	82.5
2055	82.1
2056	81.9
2057	82
2058	81.8
2059	81.6
2060	81.9
2061	81.8
2062	81.7
2063	81.7
2064	81.8
2065	81.7
2066	81.6
2067	81.4
2068	81.5
2069	81.6
2070	81.4
2071	81.2
2072	81.1
2073	81.1
2075	81
2076	80.8
2077	80.8
2078	80.9
2079	80.8
2080	80.8
2081	80.7
2082	80.9
2083	80.8
2084	80.8
2085	80.7
2086	80.6
2087	80.5
2088	80.8
2089	80.9
2090	80.6
2091	80.8
2092	80.9
2093	81.1
2094	81
2095	80.6
2096	80.4
2097	80
2098	80
2099	80.1
2100	80.4
2101	80.6
2102	80.7
2103	80.9
2104	80.9
2105	80.9
2106	80.8
2107	80.7
2108	80.6
2109	80.7
2110	80.7
2111	80.5
2112	80.3
2113	80
2114	79.9
2115	79.6
2116	79.4
2117	79.2
2118	79.1
2119	78.9
2120	78.7
2121	78.4
2122	78.2
2123	78.2
2124	78.2
2125	78.3
2126	78.5
2127	78.6
2128	78.7
2129	78.5
2130	78.3
2131	78.2
2132	78.1
2133	78
2134	78
2135	77.9
2136	77.9
2137	77.9
2138	78
2140	77.8
2141	77.7
2142	77.6
2143	77.5
2144	77.5
2145	77.6
2146	77.6
2147	77.6
2148	77.6
2149	77.6
2150	77.5
2151	77.4
2152	77.3
2153	77.3
2154	77.2
2155	77.1
2156	76.9
2157	76.9
2158	76.9
2159	76.6
2160	76.5
2161	76.4
2162	76.2
2163	76
2164	76.1
2165	76.1
2166	76.1
2167	76.1
2168	75.9
2169	75.7
2170	75.5
2171	75.6
2172	75.7
2173	75.8
2174	75.5
2175	75.2
2176	75.2
2177	74.9
2178	75.1
2179	75.2
2180	75.3
2181	75
2182	74.8
2183	74.8
2184	74.6
2185	74.5
2186	74.4
2187	74.4
2188	74.5
2189	74.7
2190	74.7
2191	74.5
2192	74.4
2193	74.5
2194	74.4
2195	74.4
2196	74.4
2197	74.3
2198	74.2
2199	74.2
2200	74.5
2201	74.7
2202	74.8
2203	75
2205	75
2206	75
2207	74.9
2208	74.7
2209	74.5
2210	74.5
2211	74.4
2212	74.4
2213	74.2
2214	74
2215	73.7
2216	73.5
2217	73.4
2218	73.1
2219	73.1
2220	73
2221	72.9
2222	72.9
2223	72.9
2224	72.8
2225	72.6
2226	72.6
2227	72.6
2228	72.4
2229	72.4
2230	72.5
2231	72.4
2232	72.1
2233	72
2234	71.9
2235	71.9
2236	71.8
2237	71.7
2238	71.7
2239	71.6
2240	71.6
2241	71.6
2242	71.6
2243	71.5
2244	71.5
2245	71.5
2246	71.5
2247	71.6
2248	71.7
2249	71.7
2250	71.7
2251	71.6
2252	71.7
2253	71.7
2254	71.6
2255	71.6
2256	71.5
2257	71.4
2258	71
2259	70.9
2260	70.9
2261	70.9
2262	70.5
2263	70.5
2264	70.6
2265	70.8
2266	70.8
2267	70.7
2269	70.6
2270	70.4
2271	70.3
2272	70.1
2273	70.2
2274	70
2275	69.9
2276	69.9
2277	69.9
2278	70
2279	70.2
2280	70.3
2281	70
2282	70
2283	70
2284	70.1
2285	70.2
2286	70.2
2287	70.2
2288	70.1
2289	69.9
2290	69.9
2291	69.9
2292	69.9
2293	69.9
2294	69.7
2295	69.6
2296	69.5
2297	69.5
2298	69.4
2299	69.4
2300	69.3
2301	69.3
2302	69.3
2303	69.4
2304	69.5
2305	69.2
2306	69.1
2307	69
2308	69
2309	68.8
2310	68.8
2311	68.8
2312	68.8
2313	68.6
2314	68.5
2315	68.3
2316	68.2
2317	68
2318	67.8
2319	67.8
2320	68
2321	68.1
2322	68
2323	68
2324	67.7
2325	67.6
2326	67.5
2327	67.5
2328	67.4
2329	67.3
2330	67.3
2331	67.4
2332	67.5
2334	67.7
2335	67.8
2336	67.7
2337	67.5
2338	67.4
2339	67.3
2340	67.2
2341	67.2
2342	67.4
2343	67.3
2344	67.2
2345	66.9
2346	66.9
2347	66.8
2348	66.7
2349	66.7
2350	66.9
2351	67.1
2352	67.1
2353	66.8
2354	66.6
2355	66.4
2356	66.4
2357	66.4
2358	66.2
2359	66.1
2360	66.3
2361	66.3
2362	66.3
2363	66.3
2364	66.2
2365	66.1
2366	66
2367	65.9
2368	66
2369	66
2370	66
2371	65.9
2372	65.8
2373	65.6
2374	65.6
2375	65.5
2376	65.4
2377	65.2
2378	65.1
2379	65.2
2380	65.1
2381	64.9
2382	65.1
2383	65.2
2384	65.4
2385	65.5
2386	65.4
2387	65.4
2388	65.2
2389	65
2390	64.8
2391	64.7
2392	64.6
2393	64.7
2394	64.7
2395	64.6
2396	64.6
2397	64.6
2399	64.8
2400	64.7
2401	64.7
2402	64.6
2403	64.6
2404	64.6
2405	64.8
2406	64.9
2407	65.1
2408	65.2
2409	64.9
2410	64.8
2411	64.8
2412	64.7
2413	64.4
2414	64.3
2415	64.2
2416	64
2417	63.9
2418	63.9
2419	64
2420	64
2421	64
2422	63.8
2423	63.7
2424	63.7
2425	63.6
2426	63.5
2427	63.5
2428	63.4
2429	63.5
2430	63.5
2431	63.6
2432	63.6
2433	63.7
2434	63.7
2435	63.7
2436	63.7
2437	63.9
2438	64
2439	64.1
2440	64.1
2441	64.2
2442	64.2
2443	64.1
2444	64
2445	64
2446	63.9
2447	63.7
2448	63.5
2449	63.3
2450	63
2451	63
2452	62.8
2453	62.8
2454	62.9
2455	62.9
2456	62.8
2457	62.8
2458	62.6
2459	62.6
2460	62.6
2461	62.6
2462	62.6
2464	62.5
2465	62.3
2466	62.1
2467	62
2468	62
2469	61.9
2470	61.7
2471	61.7
2472	61.7
2473	61.5
2474	61.5
2475	61.6
2476	61.6
2477	61.7
2478	61.7
2479	61.5
2480	61.5
2481	61.5
2482	61.4
2483	61.3
2484	61.4
2485	61.2
2486	61.4
2487	61.3
2488	61.2
2489	61.3
2490	61.4
2491	61.5
2492	61.4
2493	61.4
2494	61.4
2495	61.5
2496	61.4
2497	61.3
2498	61
2499	60.6
2500	60.5
2501	60.4
2502	60.3
2503	60.5
2504	60.5
2505	60.6
2506	60.5
2507	60.4
2508	60.3
2509	60.3
2510	60.3
2511	60.4
2512	60.3
2513	60.3
2514	60.3
2515	60.3
2516	60.4
2517	60.3
2518	60.1
2519	60.1
2520	60.1
2521	59.9
2522	60
2523	60.1
2524	60.2
2525	60.1
2526	60.1
2527	60.1
2529	60.2
2530	60.3
2531	60.3
2532	60.5
2533	60.6
2534	60.5
2535	60.4
2536	60.2
2537	60.2
2538	60
2539	60
2540	59.9
2541	59.8
2542	59.8
2543	59.7
2544	59.7
2545	59.8
2546	59.9
2547	60
2548	59.9
2549	59.7
2550	59.6
2551	59.3
2552	59.1
2553	59.1
2554	59.1
2555	59
2556	58.9
2557	58.9
2558	58.8
2559	58.8
2560	58.6
2561	58.7
2562	58.7
2563	58.7
2564	58.7
2565	58.6
2566	58.6
2567	58.5
2568	58.5
2569	58.4
2570	58.4
2571	58.4
2572	58.3
2573	58.3
2574	58.2
2575	58.1
2576	58.1
2577	58.1
2578	58.1
2579	58.1
2580	58
2581	58
2582	58.2
2583	58.2
2584	58.2
2585	58
2586	57.8
2587	57.7
2588	57.5
2589	57.6
2590	57.6
2591	57.6
2592	57.7
2594	57.6
2595	57.6
2596	57.6
2597	57.7
2598	57.6
2599	57.5
2600	57.3
2601	57.3
2602	57.3
2603	57.3
2604	57.3
2605	57.2
2606	57.1
2607	57
2608	57
2609	57
2610	57.1
2611	57.1
2612	57.1
2613	57.2
2614	57
2615	56.9
2616	56.8
2617	56.7
2618	56.9
2619	57
2620	57
2621	56.9
2622	56.8
2623	56.6
2624	56.6
2625	56.5
2626	56.6
2627	56.7
2628	56.7
2629	56.6
2630	56.6
2631	56.5
2632	56.4
2633	56.3
2634	56.4
2635	56.4
2636	56.3
2637	56.4
2638	56.5
2639	56.6
2640	56.6
2641	56.5
2642	56.2
2643	56.2
2644	56.3
2645	56.3
2646	56.3
2647	56.3
2648	56.3
2649	56.2
2650	56.1
2651	56
2652	55.8
2653	55.8
2654	55.7
2655	55.7
2656	55.7
2657	55.5
2659	55.5
2660	55.5
2661	55.6
2662	55.5
2663	55.5
2664	55.7
2665	55.7
2666	55.6
2667	55.6
2668	55.5
2669	55.4
2670	55.3
2671	55.2
2672	55.2
2673	55.1
2674	55.1
2675	55
2676	55
2677	54.9
2678	55
2679	54.9
2680	54.9
2681	54.7
2682	54.7
2683	54.6
2684	54.6
2685	54.5
2686	54.5
2687	54.5
2688	54.4
2689	54.5
2690	54.4
2691	54.4
2692	54.3
2693	54.3
2694	54.3
2695	54.3
2696	54.4
2697	54.4
2698	54.5
2699	54.5
2700	54.5
2701	54.4
2702	54.3
2703	54.3
2704	54.2
2705	54.2
2706	54.1
2707	54.1
2708	54.1
2709	54.1
2710	54.1
2711	54
2712	54
2713	53.9
2714	53.9
2715	53.9
2716	53.9
2717	53.9
2718	53.9
2719	53.9
2720	53.8
2721	53.6
2722	53.6
2724	53.5
2725	53.5
2726	53.5
2727	53.6
2728	53.5
2729	53.6
2730	53.7
2731	53.6
2732	53.5
2733	53.5
2734	53.5
2735	53.3
2736	53.4
2737	53.2
2738	53.2
2739	53.2
2740	53.3
2741	53.2
2742	53.2
2743	53.3
2744	53.3
2745	53.4
2746	53.3
2747	53.3
2748	53.2
2749	53.1
2750	53
2751	52.9
2752	52.9
2753	52.8
2754	52.8
2755	52.9
2756	52.9
2757	52.9
2758	52.8
2759	52.7
2760	52.6
2761	52.5
2762	52.5
2763	52.5
2764	52.5
2765	52.5
2766	52.5
2767	52.5
2768	52.4
2769	52.3
2770	52.4
2771	52.4
2772	52.4
2773	52.4
2774	52.4
2775	52.3
2776	52.4
2777	52.5
2778	52.5
2779	52.5
2780	52.5
2781	52.4
2782	52.4
2783	52.4
2784	52.3
2785	52.2
2786	52.2
2788	52.2
2789	52.1
2790	52
2791	52
2792	52
2793	52
2794	51.9
2795	51.8
2796	51.8
2797	51.7
2798	51.7
2799	51.7
2800	51.8
2801	51.8
2802	51.9
2803	52
2804	51.9
2805	51.8
2806	51.8
2807	51.7
2808	51.7
2809	51.7
2810	51.5
2811	51.5
2812	51.4
2813	51.3
2814	51.2
2815	51.1
2816	51
2817	51
2818	51
2819	51
2820	50.9
2821	50.8
2822	50.7
2823	50.8
2824	50.8
2825	50.7
2826	50.6
2827	50.6
2828	50.7
2829	50.7
2830	50.7
2831	50.7
2832	50.5
2833	50.4
2834	50.4
2835	50.3
2836	50.2
2837	50.2
2838	50.1
2839	50.1
2840	50
2841	50
2842	50
2843	49.9
2844	49.9
2845	49.8
2846	49.9
2847	49.8
2848	49.8
2849	49.7
2850	49.8
2851	49.9
2853	49.9
2854	50
2855	49.9
2856	50
2857	50.1
2858	50.2
2859	50.2
2860	50.3
2861	50.2
2862	50.1
2863	50
2864	50
2865	50
2866	50
2867	50
2868	50
2869	49.8
2870	49.8
2871	50
	
	
	
	
	
	
	
	
	
	
	
	
	
	
	
	
	
	
	
	
	
	
	
	
	
	
	
	
	
